1.76 0.83
1.72 0.18
1.62 0.00
1.50 0.00
1.38 0.00
1.26 0.00
1.15 0.00
1.05 0.00
0.94 0.00
0.86 0.00
0.76 0.00
0.67 0.00
0.59 0.00
0.52 0.00
0.45 0.00
0.40 0.00
0.34 0.00
0.30 0.00
0.25 0.00
0.23 0.00
0.20 0.00
0.19 0.00
0.18 0.00
0.19 0.00
0.21 0.00
0.23 0.00
0.27 0.00
0.30 0.00
0.36 0.00
0.42 0.00
0.47 0.00
0.54 0.00
0.63 0.00
0.71 0.00
0.80 0.00
0.90 0.00
1.00 0.00
1.11 0.00
1.22 0.00
1.34 0.00
1.46 0.00
1.58 0.00
1.70 0.06
1.75 0.66
1.78 1.43
1.80 2.32
1.83 3.16
1.83 4.17
1.86 5.07
1.86 6.08
1.88 6.97
1.89 7.93
1.90 8.94
1.92 9.83
1.93 10.79
1.93 11.92
1.94 12.93
1.96 13.89
1.96 14.84
1.96 15.85
1.97 16.75
1.97 17.64
1.98 18.48
1.98 19.31
1.99 20.03
2.00 20.74
2.01 21.34
2.00 21.99
2.01 22.47
2.01 22.89
2.01 23.37
2.01 23.66
2.02 23.90
2.02 24.02
2.02 24.20
2.02 24.26
2.02 24.20
2.02 24.14
2.02 23.96
2.02 23.72
2.01 23.48
2.01 23.13
2.01 22.65
2.01 22.23
1.99 21.76
2.00 21.10
2.00 20.44
1.98 19.79
1.98 19.01
1.98 18.24
1.97 17.40
1.97 16.51
1.96 15.68
1.96 14.72
1.95 13.71
1.94 12.76
1.93 11.80
1.92 10.79
1.91 9.78
1.90 8.76
1.89 7.87
1.88 6.91
1.87 5.96
1.86 5.01
1.83 4.17
1.82 3.22
1.80 2.38
1.78 1.61
1.76 0.72
1.71 0.18
1.61 0.00
1.49 0.00
1.37 0.00
1.25 0.00
1.14 0.00
1.04 0.00
0.94 0.00
0.85 0.00
0.75 0.00
0.66 0.00
0.59 0.00
0.51 0.00
0.44 0.00
0.39 0.00
0.33 0.00
0.29 0.00
0.26 0.00
0.22 0.00
0.21 0.00
0.19 0.00
0.18 0.00
0.19 0.00
0.21 0.00
0.23 0.00
0.27 0.00
0.31 0.00
0.36 0.00
0.42 0.00
0.48 0.00
0.56 0.00
0.63 0.00
0.71 0.00
0.81 0.00
0.90 0.00
1.01 0.00
1.11 0.00
1.23 0.00
1.34 0.00
1.47 0.00
1.59 0.00
1.70 0.12
1.75 0.72
1.78 1.43
1.81 2.32
1.83 3.22
1.84 4.11
1.86 5.07
1.87 6.08
1.89 6.97
1.89 7.99
1.90 9.00
1.91 9.95
1.92 10.91
1.94 11.86
1.95 12.93
1.96 13.95
1.96 14.96
1.96 15.85
1.97 16.81
1.97 17.70
1.98 18.48
1.99 19.31
1.99 20.03
2.00 20.74
2.00 21.34
2.00 21.99
2.01 22.47
2.01 22.95
2.02 23.25
2.02 23.60
2.02 23.90
2.02 24.08
2.02 24.20
2.02 24.20
2.02 24.20
2.02 24.14
2.02 23.96
2.02 23.72
2.02 23.42
2.02 23.07
2.01 22.71
2.00 22.23
2.00 21.64
2.00 21.10
1.99 20.44
1.99 19.73
1.98 19.01
1.98 18.18
1.97 17.40
1.97 16.45
1.96 15.62
1.95 14.72
1.95 13.71
1.94 12.70
1.93 11.74
1.92 10.73
1.91 9.72
1.90 8.76
1.89 7.75
1.88 6.85
1.87 5.90
1.85 5.01
1.84 4.11
1.82 3.22
1.81 2.26
1.78 1.49
1.75 0.72
1.71 0.18
1.61 0.00
1.49 0.00
1.36 0.00
1.25 0.00
1.14 0.00
1.03 0.00
0.93 0.00
0.84 0.00
0.74 0.00
0.66 0.00
0.58 0.00
0.51 0.00
0.44 0.00
0.39 0.00
0.33 0.00
0.29 0.00
0.25 0.00
0.22 0.00
0.20 0.00
0.19 0.00
0.19 0.00
0.20 0.00
0.21 0.00
0.24 0.00
0.27 0.00
0.31 0.00
0.36 0.00
0.42 0.00
0.48 0.00
0.55 0.00
0.64 0.00
0.72 0.00
0.82 0.00
0.91 0.00
1.02 0.00
1.12 0.00
1.24 0.00
1.35 0.00
1.48 0.00
1.60 0.00
1.71 0.12
1.75 0.77
1.78 1.55
1.81 2.38
1.83 3.28
1.84 4.17
1.86 5.13
1.87 6.08
1.88 7.09
1.90 8.05
1.91 9.00
1.91 10.01
1.92 11.09
1.94 12.04
1.95 13.05
1.96 14.07
1.96 15.08
1.97 15.97
1.97 16.93
1.98 17.76
1.98 18.60
1.98 19.43
1.99 20.15
2.00 20.86
2.00 21.46
2.00 22.05
2.01 22.53
2.01 23.01
2.02 23.37
2.02 23.66
2.02 23.90
2.02 24.08
2.02 24.20
2.02 24.20
2.02 24.14
2.02 24.08
2.02 23.96
2.01 23.72
2.02 23.37
2.01 23.07
2.01 22.59
2.00 22.11
2.00 21.58
1.99 21.04
1.99 20.33
1.99 19.61
1.99 18.84
1.97 18.12
1.97 17.23
1.96 16.39
1.96 15.50
1.96 14.54
1.95 13.59
1.94 12.58
1.92 11.62
1.92 10.55
1.91 9.60
1.90 8.64
1.88 7.69
1.87 6.74
1.87 5.78
1.85 4.83
1.84 3.93
1.83 2.98
1.80 2.21
1.78 1.37
1.75 0.60
1.70 0.06
1.59 0.00
1.47 0.00
1.35 0.00
1.24 0.00
1.12 0.00
1.02 0.00
0.92 0.00
0.83 0.00
0.73 0.00
0.65 0.00
0.57 0.00
0.50 0.00
0.43 0.00
0.38 0.00
0.33 0.00
0.29 0.00
0.25 0.00
0.22 0.00
0.20 0.00
0.19 0.00
0.18 0.00
0.20 0.00
0.21 0.00
0.24 0.00
0.27 0.00
0.31 0.00
0.37 0.00
0.43 0.00
0.49 0.00
0.56 0.00
0.65 0.00
0.73 0.00
0.83 0.00
0.92 0.00
1.03 0.00
1.13 0.00
1.25 0.00
1.37 0.00
1.49 0.00
1.62 0.00
1.72 0.18
1.76 0.83
1.78 1.67
1.81 2.50
1.83 3.40
1.84 4.35
1.85 5.30
1.87 6.20
1.88 7.21
1.89 8.23
1.91 9.12
1.91 10.13
1.92 11.21
1.93 12.22
1.95 13.17
1.95 14.25
1.96 15.14
1.96 16.15
1.97 17.05
1.98 17.88
1.98 18.72
1.99 19.49
1.99 20.27
2.00 20.92
2.00 21.58
2.00 22.11
2.00 22.65
2.01 23.07
2.01 23.42
2.02 23.66
2.02 23.90
2.02 24.08
2.02 24.20
2.02 24.26
2.02 24.20
2.01 24.14
2.02 23.90
2.02 23.60
2.02 23.31
2.01 23.01
2.01 22.59
2.01 22.05
2.00 21.52
2.00 20.92
1.99 20.27
1.99 19.55
1.98 18.78
1.97 18.06
1.97 17.17
1.97 16.21
1.96 15.32
1.96 14.42
1.94 13.47
1.93 12.46
1.93 11.50
1.92 10.43
1.91 9.42
1.90 8.46
1.89 7.51
1.88 6.56
1.86 5.66
1.85 4.71
1.83 3.81
1.82 2.92
1.80 2.09
1.77 1.25
1.74 0.54
1.68 0.06
1.57 0.00
1.45 0.00
1.33 0.00
1.22 0.00
1.10 0.00
1.01 0.00
0.90 0.00
0.81 0.00
0.71 0.00
0.64 0.00
0.56 0.00
0.48 0.00
0.43 0.00
0.37 0.00
0.32 0.00
0.28 0.00
0.25 0.00
0.22 0.00
0.20 0.00
0.18 0.00
0.19 0.00
0.19 0.00
0.21 0.00
0.24 0.00
0.28 0.00
0.32 0.00
0.38 0.00
0.43 0.00
0.50 0.00
0.58 0.00
0.65 0.00
0.75 0.00
0.84 0.00
0.94 0.00
1.04 0.00
1.16 0.00
1.27 0.00
1.38 0.00
1.51 0.00
1.64 0.00
1.73 0.24
1.76 0.95
1.79 1.73
1.82 2.56
1.83 3.52
1.85 4.47
1.86 5.42
1.87 6.38
1.89 7.27
1.90 8.29
1.91 9.30
1.92 10.25
1.93 11.32
1.93 12.34
1.94 13.35
1.95 14.36
1.96 15.32
1.96 16.21
1.98 17.11
1.98 18.00
1.98 18.84
1.98 19.61
1.99 20.33
2.00 21.04
2.00 21.64
2.00 22.17
2.01 22.65
2.01 23.07
2.02 23.42
2.02 23.72
2.02 23.96
2.02 24.14
2.02 24.20
2.02 24.20
2.02 24.14
2.02 24.08
2.02 23.84
2.02 23.60
2.01 23.31
2.01 22.95
2.01 22.53
2.01 21.99
2.00 21.46
2.00 20.86
1.99 20.21
1.98 19.43
1.98 18.66
1.98 17.88
1.97 17.05
1.96 16.15
1.96 15.20
1.96 14.25
1.94 13.35
1.94 12.34
1.93 11.32
1.92 10.31
1.91 9.30
1.89 8.34
1.89 7.39
1.88 6.44
1.87 5.48
1.84 4.65
1.83 3.70
1.82 2.80
1.80 1.91
1.77 1.13
1.74 0.48
1.67 0.00
1.55 0.00
1.43 0.00
1.31 0.00
1.21 0.00
1.09 0.00
0.99 0.00
0.89 0.00
0.80 0.00
0.70 0.00
0.63 0.00
0.55 0.00
0.48 0.00
0.42 0.00
0.37 0.00
0.32 0.00
0.27 0.00
0.24 0.00
0.22 0.00
0.20 0.00
0.19 0.00
0.19 0.00
0.20 0.00
0.22 0.00
0.25 0.00
0.28 0.00
0.33 0.00
0.39 0.00
0.44 0.00
0.51 0.00
0.59 0.00
0.67 0.00
0.76 0.00
0.86 0.00
0.95 0.00
1.07 0.00
1.17 0.00
1.29 0.00
1.40 0.00
1.53 0.00
1.65 0.00
1.74 0.36
1.77 1.01
1.80 1.85
1.82 2.74
1.84 3.64
1.84 4.65
1.86 5.60
1.88 6.50
1.89 7.45
1.90 8.46
1.90 9.48
1.92 10.43
1.93 11.44
1.93 12.52
1.95 13.47
1.95 14.48
1.96 15.44
1.96 16.39
1.97 17.23
1.98 18.12
1.98 18.95
1.99 19.67
2.00 20.38
2.00 21.10
2.00 21.70
2.01 22.23
2.01 22.71
2.01 23.19
2.01 23.54
2.02 23.72
2.02 23.96
2.02 24.14
2.02 24.20
2.02 24.20
2.01 24.20
2.02 24.02
2.02 23.84
2.02 23.54
2.01 23.25
2.01 22.89
2.01 22.41
2.00 21.87
2.00 21.34
1.99 20.74
2.00 20.03
1.98 19.31
1.98 18.54
1.98 17.76
1.97 16.93
1.96 15.97
1.95 15.14
1.96 14.13
1.94 13.23
1.93 12.22
1.93 11.15
1.91 10.19
1.91 9.12
1.89 8.23
1.88 7.27
1.87 6.32
1.86 5.36
1.84 4.47
1.83 3.52
1.81 2.68
1.79 1.85
1.76 1.01
1.73 0.36
1.66 0.00
1.53 0.00
1.42 0.00
1.30 0.00
1.19 0.00
1.08 0.00
0.97 0.00
0.87 0.00
0.78 0.00
0.69 0.00
0.61 0.00
0.54 0.00
0.46 0.00
0.41 0.00
0.36 0.00
0.31 0.00
0.26 0.00
0.23 0.00
0.21 0.00
0.19 0.00
0.19 0.00
0.19 0.00
0.20 0.00
0.22 0.00
0.25 0.00
0.29 0.00
0.34 0.00
0.40 0.00
0.45 0.00
0.52 0.00
0.60 0.00
0.68 0.00
0.78 0.00
0.87 0.00
0.97 0.00
1.08 0.00
1.19 0.00
1.30 0.00
1.42 0.00
1.55 0.00
1.67 0.00
1.74 0.42
1.77 1.19
1.80 2.03
1.82 2.86
1.84 3.81
1.85 4.71
1.86 5.72
1.88 6.68
1.89 7.63
1.90 8.58
1.91 9.60
1.92 10.55
1.93 11.56
1.94 12.64
1.95 13.65
1.95 14.66
1.97 15.56
1.96 16.51
1.97 17.40
1.98 18.24
1.98 19.07
1.99 19.79
1.99 20.56
2.00 21.16
2.00 21.76
2.01 22.29
2.02 22.71
2.01 23.25
2.02 23.54
2.02 23.78
2.02 24.02
2.02 24.14
2.02 24.20
2.02 24.20
2.02 24.14
2.02 24.02
2.02 23.84
2.02 23.48
2.01 23.25
2.01 22.77
2.01 22.35
2.00 21.87
2.00 21.28
2.00 20.62
1.99 19.97
1.98 19.25
1.98 18.42
1.97 17.64
1.96 16.81
1.96 15.91
1.96 14.96
1.95 14.01
1.94 13.05
1.93 12.04
1.93 11.03
1.91 10.07
1.90 9.00
1.89 8.05
1.88 7.09
1.87 6.14
1.86 5.19
1.85 4.29
1.82 3.46
1.81 2.50
1.79 1.73
1.76 0.95
1.73 0.24
1.64 0.00
1.52 0.00
1.39 0.00
1.28 0.00
1.17 0.00
1.06 0.00
0.96 0.00
0.87 0.00
0.77 0.00
0.68 0.00
0.61 0.00
0.53 0.00
0.46 0.00
0.40 0.00
0.35 0.00
0.30 0.00
0.26 0.00
0.23 0.00
0.21 0.00
0.19 0.00
0.18 0.00
0.19 0.00
0.21 0.00
0.23 0.00
0.26 0.00
0.30 0.00
0.35 0.00
0.41 0.00
0.46 0.00
0.54 0.00
0.62 0.00
0.69 0.00
0.79 0.00
0.88 0.00
0.99 0.00
1.09 0.00
1.21 0.00
1.32 0.00
1.44 0.00
1.57 0.00
1.69 0.06
1.74 0.60
1.79 1.25
1.80 2.21
1.82 3.04
1.84 3.99
1.85 4.89
1.86 5.90
1.88 6.85
1.89 7.87
1.90 8.82
1.91 9.72
1.92 10.73
1.93 11.74
1.93 12.82
1.95 13.83
1.96 14.72
1.96 15.74
1.97 16.63
1.98 17.52
1.98 18.36
1.99 19.19
1.99 19.91
2.00 20.62
2.01 21.22
2.01 21.87
2.01 22.35
2.01 22.83
2.01 23.25
2.01 23.60
2.02 23.84
2.02 24.02
2.02 24.14
2.02 24.26
2.02 24.20
2.02 24.14
2.02 24.02
2.02 23.78
2.02 23.48
2.01 23.19
2.01 22.77
2.01 22.29
2.00 21.82
2.00 21.22
1.99 20.56
1.99 19.85
1.99 19.13
1.98 18.30
1.97 17.52
1.97 16.69
1.96 15.80
1.96 14.84
1.95 13.89
1.94 12.93
1.93 11.98
1.92 10.91
1.91 9.89
1.91 8.94
1.89 8.05
1.88 7.03
1.87 6.14
1.85 5.19
1.84 4.29
1.83 3.34
1.81 2.50
1.78 1.67
1.76 0.89
1.72 0.30
1.63 0.00
1.51 0.00
1.39 0.00
1.28 0.00
1.16 0.00
1.06 0.00
0.95 0.00
0.86 0.00
0.77 0.00
0.68 0.00
0.60 0.00
0.52 0.00
0.45 0.00
0.40 0.00
0.35 0.00
0.30 0.00
0.26 0.00
0.23 0.00
0.20 0.00
0.19 0.00
0.18 0.00
0.19 0.00
0.21 0.00
0.23 0.00
0.26 0.00
0.30 0.00
0.36 0.00
0.41 0.00
0.47 0.00
0.55 0.00
0.62 0.00
0.71 0.00
0.80 0.00
0.89 0.00
1.00 0.00
1.10 0.00
1.21 0.00
1.32 0.00
1.45 0.00
1.57 0.00
1.69 0.06
1.75 0.60
1.78 1.37
1.81 2.21
1.82 3.16
1.84 4.05
1.86 4.95
1.86 5.96
1.88 6.91
1.89 7.87
1.90 8.88
1.91 9.83
1.92 10.79
1.93 11.80
1.94 12.87
1.95 13.83
1.96 14.84
1.97 15.74
1.97 16.69
1.97 17.58
1.98 18.42
1.99 19.19
1.99 19.97
2.00 20.68
2.00 21.34
2.00 21.87
2.01 22.41
2.01 22.83
2.02 23.25
2.02 23.60
2.02 23.84
2.02 24.08
2.02 24.14
2.02 24.26
2.02 24.20
2.02 24.14
2.02 23.96
2.01 23.78
2.02 23.42
2.01 23.13
2.01 22.77
2.01 22.23
2.00 21.76
2.00 21.16
1.99 20.50
1.99 19.85
1.98 19.07
1.98 18.30
1.97 17.46
1.97 16.57
1.96 15.68
1.96 14.72
1.95 13.83
1.94 12.82
1.93 11.86
1.92 10.85
1.91 9.78
1.90 8.88
1.90 7.87
1.88 6.97
1.87 6.02
1.85 5.13
1.84 4.17
1.83 3.28
1.81 2.38
1.79 1.55
1.75 0.83
1.72 0.18
1.62 0.00
1.50 0.00
1.38 0.00
1.27 0.00
1.15 0.00
1.04 0.00
0.94 0.00
0.85 0.00
0.76 0.00
0.67 0.00
0.59 0.00
0.52 0.00
0.45 0.00
0.39 0.00
0.34 0.00
0.30 0.00
0.25 0.00
0.22 0.00
0.20 0.00
0.19 0.00
0.18 0.00
0.19 0.00
0.21 0.00
0.23 0.00
0.26 0.00
0.31 0.00
0.35 0.00
0.41 0.00
0.47 0.00
0.54 0.00
0.63 0.00
0.71 0.00
0.81 0.00
0.90 0.00
1.00 0.00
1.11 0.00
1.22 0.00
1.33 0.00
1.46 0.00
1.58 0.00
1.70 0.06
1.75 0.66
1.78 1.43
1.80 2.26
1.82 3.16
1.84 4.11
1.86 5.01
1.86 6.02
1.88 6.91
1.89 7.93
1.90 8.94
1.91 9.89
1.92 10.85
1.94 11.86
1.94 12.93
1.95 13.89
1.96 14.90
1.96 15.85
1.97 16.75
1.98 17.64
1.98 18.48
1.99 19.25
1.99 19.97
1.99 20.74
2.00 21.34
2.00 21.93
2.01 22.41
2.02 22.89
2.02 23.25
2.02 23.60
2.02 23.90
2.02 24.08
2.02 24.14
2.02 24.26
2.03 24.14
2.02 24.14
2.02 23.96
2.02 23.72
2.01 23.48
2.01 23.13
2.01 22.71
2.01 22.23
2.00 21.70
2.00 21.10
1.99 20.50
1.99 19.79
1.99 19.01
1.98 18.18
1.97 17.40
1.97 16.51
1.96 15.68
1.96 14.72
1.95 13.77
1.94 12.76
1.93 11.80
1.93 10.73
1.91 9.78
1.90 8.82
1.89 7.87
1.88 6.91
1.87 5.96
1.85 5.07
1.84 4.11
1.83 3.22
1.81 2.32
1.79 1.49
1.76 0.72
1.71 0.18
1.61 0.00
1.49 0.00
1.37 0.00
1.25 0.00
1.15 0.00
1.04 0.00
0.94 0.00
0.84 0.00
0.75 0.00
0.67 0.00
0.59 0.00
0.51 0.00
0.45 0.00
0.39 0.00
0.33 0.00
0.29 0.00
0.25 0.00
0.22 0.00
0.21 0.00
0.19 0.00
0.18 0.00
0.19 0.00
0.21 0.00
0.24 0.00
0.27 0.00
0.31 0.00
0.37 0.00
0.42 0.00
0.47 0.00
0.55 0.00
0.63 0.00
0.72 0.00
0.81 0.00
0.90 0.00
1.01 0.00
1.11 0.00
1.23 0.00
1.35 0.00
1.47 0.00
1.59 0.00
1.71 0.06
1.75 0.72
1.78 1.49
1.81 2.32
1.83 3.22
1.84 4.11
1.86 5.07
1.86 6.08
1.88 7.03
1.89 7.99
1.90 8.94
1.92 9.89
1.93 10.85
1.93 11.98
1.94 12.99
1.95 13.95
1.96 14.90
1.97 15.85
1.97 16.81
1.97 17.70
1.98 18.54
1.98 19.37
1.99 20.09
2.00 20.74
2.00 21.40
2.00 21.93
2.01 22.47
2.02 22.89
2.01 23.31
2.01 23.66
2.02 23.90
2.02 24.08
2.02 24.20
2.02 24.20
2.02 24.20
2.02 24.14
2.02 23.90
2.02 23.72
2.02 23.42
2.02 23.07
2.01 22.65
2.01 22.17
2.00 21.70
2.00 21.04
1.99 20.44
1.99 19.67
1.99 18.95
1.98 18.12
1.97 17.34
1.96 16.51
1.97 15.56
1.96 14.66
1.94 13.77
1.94 12.70
1.93 11.68
1.92 10.73
1.90 9.72
1.90 8.70
1.89 7.81
1.88 6.79
1.86 5.96
1.85 5.01
1.84 4.11
1.83 3.10
1.81 2.26
1.78 1.49
1.76 0.72
1.71 0.12
1.60 0.00
1.48 0.00
1.36 0.00
1.25 0.00
1.14 0.00
1.03 0.00
0.93 0.00
0.84 0.00
0.74 0.00
0.66 0.00
0.58 0.00
0.51 0.00
0.44 0.00
0.38 0.00
0.33 0.00
0.29 0.00
0.25 0.00
0.22 0.00
0.20 0.00
0.19 0.00
0.18 0.00
0.19 0.00
0.21 0.00
0.23 0.00
0.27 0.00
0.31 0.00
0.36 0.00
0.42 0.00
0.48 0.00
0.56 0.00
0.64 0.00
0.72 0.00
0.81 0.00
0.91 0.00
1.02 0.00
1.12 0.00
1.23 0.00
1.35 0.00
1.48 0.00
1.60 0.00
1.71 0.12
1.74 0.83
1.79 1.49
1.81 2.38
1.83 3.28
1.84 4.23
1.85 5.19
1.87 6.08
1.89 7.03
1.90 8.05
1.90 9.06
1.91 10.01
1.92 11.03
1.94 12.04
1.94 13.11
1.96 14.07
1.96 15.08
1.97 15.97
1.97 16.93
1.97 17.82
1.98 18.60
1.98 19.43
1.99 20.15
1.99 20.86
2.01 21.40
2.01 21.99
2.01 22.59
2.02 22.95
2.01 23.37
2.02 23.66
2.02 23.90
2.01 24.14
2.03 24.14
2.02 24.26
2.03 24.14
2.02 24.08
2.02 23.90
2.02 23.66
2.01 23.42
2.02 23.01
2.01 22.53
2.01 22.11
2.00 21.58
2.00 21.04
1.99 20.33
1.99 19.61
1.98 18.89
1.97 18.12
1.97 17.23
1.97 16.33
1.96 15.50
1.96 14.48
1.94 13.59
1.94 12.52
1.93 11.56
1.93 10.49
1.91 9.54
1.89 8.64
1.88 7.69
1.88 6.68
1.87 5.72
1.85 4.89
1.84 3.93
1.83 2.98
1.80 2.21
1.78 1.31
1.75 0.66
1.69 0.12
1.59 0.00
1.47 0.00
1.35 0.00
1.23 0.00
1.12 0.00
1.02 0.00
0.91 0.00
0.82 0.00
0.73 0.00
0.65 0.00
0.57 0.00
0.50 0.00
0.43 0.00
0.37 0.00
0.33 0.00
0.28 0.00
0.24 0.00
0.22 0.00
0.20 0.00
0.19 0.00
0.19 0.00
0.19 0.00
0.22 0.00
0.24 0.00
0.27 0.00
0.32 0.00
0.37 0.00
0.43 0.00
0.49 0.00
0.57 0.00
0.65 0.00
0.74 0.00
0.83 0.00
0.93 0.00
1.03 0.00
1.14 0.00
1.25 0.00
1.37 0.00
1.49 0.00
1.61 0.00
1.72 0.18
1.76 0.89
1.79 1.67
1.81 2.50
1.82 3.46
1.85 4.35
1.86 5.30
1.87 6.26
1.88 7.21
1.89 8.23
1.90 9.18
1.92 10.13
1.93 11.15
1.94 12.22
1.94 13.23
1.95 14.25
1.96 15.20
1.96 16.15
1.97 17.05
1.98 17.88
1.98 18.72
1.99 19.49
1.99 20.27
1.99 20.98
2.01 21.52
2.01 22.11
2.00 22.65
2.01 23.07
2.01 23.42
2.02 23.72
2.02 23.96
2.02 24.14
2.03 24.14
2.02 24.26
2.02 24.20
2.02 24.08
2.02 23.90
2.01 23.66
2.02 23.37
2.01 23.01
2.01 22.53
2.00 22.05
2.01 21.46
2.00 20.92
1.99 20.21
1.99 19.49
1.98 18.78
1.98 17.94
1.97 17.11
1.97 16.21
1.96 15.38
1.96 14.36
1.94 13.47
1.94 12.40
1.93 11.44
1.92 10.43
1.91 9.42
1.89 8.46
1.89 7.51
1.88 6.56
1.85 5.72
1.85 4.65
1.84 3.76
1.82 2.92
1.80 2.03
1.78 1.19
1.74 0.54
1.69 0.00
1.57 0.00
1.45 0.00
1.33 0.00
1.22 0.00
1.11 0.00
1.00 0.00
0.90 0.00
0.81 0.00
0.72 0.00
0.64 0.00
0.55 0.00
0.49 0.00
0.43 0.00
0.37 0.00
0.32 0.00
0.28 0.00
0.24 0.00
0.22 0.00
0.20 0.00
0.19 0.00
0.19 0.00
0.20 0.00
0.22 0.00
0.24 0.00
0.28 0.00
0.33 0.00
0.38 0.00
0.43 0.00
0.50 0.00
0.58 0.00
0.65 0.00
0.75 0.00
0.84 0.00
0.94 0.00
1.05 0.00
1.16 0.00
1.27 0.00
1.39 0.00
1.52 0.00
1.64 0.00
1.73 0.24
1.76 1.01
1.80 1.73
1.81 2.68
1.83 3.58
1.84 4.53
1.86 5.42
1.88 6.38
1.89 7.39
1.90 8.34
1.90 9.36
1.92 10.31
1.93 11.32
1.94 12.34
1.95 13.35
1.96 14.36
1.96 15.32
1.96 16.27
1.97 17.17
1.97 18.06
1.98 18.84
1.99 19.61
1.99 20.38
2.00 21.04
2.01 21.58
2.01 22.17
2.01 22.71
2.01 23.13
2.02 23.42
2.02 23.78
2.02 24.02
2.02 24.08
2.02 24.20
2.02 24.26
2.02 24.14
2.02 24.08
2.02 23.84
2.02 23.60
2.02 23.31
2.01 22.95
2.01 22.47
2.01 21.99
2.00 21.46
2.00 20.86
1.99 20.21
1.99 19.43
1.98 18.72
1.98 17.88
1.97 17.05
1.97 16.15
1.95 15.32
1.95 14.31
1.94 13.35
1.94 12.34
1.92 11.38
1.91 10.37
1.91 9.30
1.90 8.34
1.89 7.45
1.88 6.50
1.86 5.60
1.85 4.65
1.83 3.76
1.81 2.86
1.80 1.97
1.77 1.19
1.74 0.42
1.68 0.00
1.55 0.00
1.43 0.00
1.32 0.00
1.20 0.00
1.10 0.00
0.99 0.00
0.89 0.00
0.80 0.00
0.72 0.00
0.63 0.00
0.55 0.00
0.48 0.00
0.42 0.00
0.37 0.00
0.32 0.00
0.27 0.00
0.24 0.00
0.21 0.00
0.20 0.00
0.18 0.00
0.19 0.00
0.20 0.00
0.22 0.00
0.25 0.00
0.29 0.00
0.33 0.00
0.39 0.00
0.44 0.00
0.51 0.00
0.59 0.00
0.67 0.00
0.76 0.00
0.86 0.00
0.95 0.00
1.06 0.00
1.17 0.00
1.29 0.00
1.41 0.00
1.53 0.00
1.66 0.00
1.73 0.42
1.78 1.01
1.80 1.85
1.82 2.74
1.83 3.70
1.85 4.59
1.86 5.60
1.87 6.56
1.89 7.51
1.90 8.46
1.91 9.48
1.92 10.43
1.93 11.50
1.94 12.46
1.95 13.53
1.96 14.48
1.96 15.50
1.96 16.39
1.98 17.29
1.98 18.12
1.99 18.95
1.99 19.67
2.00 20.44
2.01 21.04
2.01 21.70
2.01 22.23
2.01 22.77
2.01 23.13
2.02 23.48
2.02 23.78
2.02 24.02
2.02 24.14
2.02 24.26
2.02 24.20
2.02 24.20
2.02 23.96
2.02 23.84
2.02 23.60
2.01 23.25
2.01 22.89
2.01 22.41
2.00 21.93
2.00 21.34
1.99 20.74
1.99 20.09
1.99 19.31
1.98 18.54
1.97 17.76
1.97 16.87
1.96 16.03
1.96 15.02
1.95 14.13
1.94 13.23
1.94 12.16
1.93 11.15
1.91 10.19
1.91 9.12
1.90 8.17
1.88 7.27
1.87 6.32
1.86 5.36
1.85 4.47
1.83 3.52
1.81 2.62
1.80 1.79
1.77 1.01
1.73 0.36
1.65 0.00
1.52 0.00
1.41 0.00
1.30 0.00
1.18 0.00
1.08 0.00
0.97 0.00
0.87 0.00
0.78 0.00
0.69 0.00
0.61 0.00
0.53 0.00
0.47 0.00
0.41 0.00
0.36 0.00
0.31 0.00
0.27 0.00
0.23 0.00
0.21 0.00
0.20 0.00
0.18 0.00
0.19 0.00
0.21 0.00
0.22 0.00
0.26 0.00
0.30 0.00
0.34 0.00
0.40 0.00
0.45 0.00
0.53 0.00
0.60 0.00
0.69 0.00
0.78 0.00
0.87 0.00
0.97 0.00
1.08 0.00
1.19 0.00
1.30 0.00
1.43 0.00
1.55 0.00
1.68 0.00
1.74 0.42
1.78 1.19
1.80 2.03
1.82 2.92
1.84 3.87
1.84 4.83
1.87 5.66
1.88 6.68
1.89 7.63
1.90 8.64
1.91 9.60
1.92 10.55
1.93 11.62
1.94 12.64
1.95 13.65
1.95 14.66
1.96 15.62
1.97 16.51
1.98 17.34
1.98 18.24
1.99 19.07
1.99 19.85
1.99 20.56
2.00 21.22
2.01 21.76
2.01 22.29
2.01 22.77
2.02 23.19
2.02 23.48
2.02 23.84
2.02 23.96
2.02 24.14
2.02 24.20
2.02 24.20
2.02 24.14
2.02 24.02
2.02 23.78
2.01 23.60