2.31 14.07
2.29 12.99
2.26 11.92
2.24 10.79
2.21 9.66
2.18 8.58
2.15 7.51
2.11 6.50
2.07 5.42
2.04 4.35
1.99 3.40
1.96 2.38
1.91 1.43
1.85 0.60
1.76 0.00
1.62 0.00
1.46 0.00
1.31 0.00
1.17 0.00
1.03 0.00
0.90 0.00
0.78 0.00
0.67 0.00
0.57 0.00
0.48 0.00
0.40 0.00
0.33 0.00
0.27 0.00
0.23 0.00
0.20 0.00
0.18 0.00
0.17 0.00
0.19 0.00
0.22 0.00
0.26 0.00
0.32 0.00
0.38 0.00
0.46 0.00
0.55 0.00
0.66 0.00
0.77 0.00
0.89 0.00
1.02 0.00
1.16 0.00
1.30 0.00
1.46 0.00
1.62 0.00
1.76 0.06
1.86 0.66
1.92 1.49
1.96 2.50
2.00 3.52
2.05 4.53
2.08 5.60
2.12 6.68
2.16 7.75
2.19 8.82
2.22 9.89
2.25 10.97
2.27 12.10
2.30 13.17
2.33 14.25
2.34 15.32
2.37 16.21
2.38 17.11
2.40 17.94
2.41 18.66
2.42 19.31
2.43 19.85
2.44 20.33
2.45 20.68
2.45 20.92
2.45 21.10
2.45 21.16
2.46 21.04
2.45 20.92
2.44 20.74
2.44 20.38
2.43 19.91
2.42 19.37
2.40 18.78
2.39 18.06
2.38 17.29
2.37 16.33
2.34 15.50
2.33 14.42
2.30 13.53
2.28 12.34
2.24 11.32
2.22 10.19
2.19 9.00
2.16 7.93
2.13 6.85
2.10 5.78
2.05 4.77
2.02 3.76
1.97 2.74
1.93 1.79
1.88 0.89
1.80 0.24
1.67 0.00
1.52 0.00
1.36 0.00
1.21 0.00
1.08 0.00
0.95 0.00
0.82 0.00
0.71 0.00
0.61 0.00
0.51 0.00
0.43 0.00
0.36 0.00
0.30 0.00
0.25 0.00
0.21 0.00
0.19 0.00
0.17 0.00
0.19 0.00
0.21 0.00
0.24 0.00
0.30 0.00
0.36 0.00
0.43 0.00
0.51 0.00
0.62 0.00
0.72 0.00
0.85 0.00
0.97 0.00
1.10 0.00
1.24 0.00
1.39 0.00
1.55 0.00
1.71 0.00
1.82 0.42
1.89 1.19
1.95 2.09
1.99 3.04
2.03 4.11
2.08 5.13
2.11 6.26
2.14 7.33
2.17 8.40
2.20 9.54
2.24 10.55
2.26 11.68
2.30 12.76
2.32 13.89
2.34 14.90
2.36 15.91
2.38 16.81
2.39 17.64
2.40 18.42
2.42 19.07
2.42 19.67
2.44 20.15
2.44 20.62
2.45 20.86
2.45 21.04
2.45 21.16
2.45 21.10
2.45 20.98
2.44 20.80
2.44 20.44
2.43 20.09
2.42 19.55
2.41 18.95
2.39 18.30
2.39 17.52
2.37 16.69
2.35 15.80
2.34 14.72
2.31 13.77
2.28 12.76
2.26 11.62
2.23 10.49
2.19 9.42
2.17 8.29
2.14 7.27
2.11 6.14
2.07 5.13
2.03 4.11
1.99 3.10
1.94 2.21
1.89 1.25
1.83 0.42
1.73 0.00
1.57 0.00
1.42 0.00
1.27 0.00
1.12 0.00
0.99 0.00
0.87 0.00
0.75 0.00
0.64 0.00
0.54 0.00
0.46 0.00
0.38 0.00
0.32 0.00
0.26 0.00
0.22 0.00
0.19 0.00
0.18 0.00
0.18 0.00
0.20 0.00
0.23 0.00
0.27 0.00
0.33 0.00
0.41 0.00
0.49 0.00
0.58 0.00
0.69 0.00
0.80 0.00
0.93 0.00
1.06 0.00
1.20 0.00
1.35 0.00
1.50 0.00
1.67 0.00
1.79 0.24
1.87 0.95
1.93 1.79
1.98 2.74
2.02 3.81
2.06 4.83
2.10 5.90
2.14 6.91
2.17 8.05
2.19 9.18
2.23 10.19
2.26 11.32
2.29 12.52
2.32 13.53
2.34 14.54
2.35 15.68
2.38 16.51
2.39 17.40
2.40 18.18
2.41 18.95
2.43 19.49
2.43 20.03
2.45 20.38
2.45 20.80
2.45 21.04
2.45 21.10
2.46 21.10
2.45 21.10
2.45 20.86
2.44 20.56
2.44 20.21
2.42 19.79
2.42 19.19
2.40 18.54
2.39 17.76
2.37 16.99
2.36 16.09
2.34 15.08
2.32 14.13
2.30 13.05
2.27 11.98
2.24 10.85
2.21 9.78
2.18 8.70
2.15 7.63
2.12 6.56
2.08 5.54
2.05 4.47
2.01 3.40
1.96 2.50
1.91 1.55
1.85 0.72
1.77 0.12
1.63 0.00
1.47 0.00
1.32 0.00
1.18 0.00
1.05 0.00
0.91 0.00
0.79 0.00
0.68 0.00
0.58 0.00
0.48 0.00
0.41 0.00
0.34 0.00
0.28 0.00
0.23 0.00
0.21 0.00
0.18 0.00
0.18 0.00
0.19 0.00
0.22 0.00
0.26 0.00
0.31 0.00
0.38 0.00
0.45 0.00
0.54 0.00
0.64 0.00
0.76 0.00
0.87 0.00
1.00 0.00
1.14 0.00
1.29 0.00
1.44 0.00
1.59 0.00
1.75 0.00
1.84 0.66
1.90 1.49
1.96 2.32
2.00 3.40
2.04 4.41
2.09 5.42
2.12 6.50
2.16 7.63
2.18 8.70
2.21 9.78
2.24 10.85
2.27 12.04
2.30 13.05
2.33 14.13
2.34 15.14
2.36 16.15
2.39 16.99
2.40 17.82
2.41 18.60
2.42 19.25
2.43 19.85
2.44 20.27
2.45 20.62
2.45 20.92
2.46 21.04
2.45 21.16
2.45 21.10
2.45 20.98
2.44 20.74
2.44 20.38
2.43 19.91
2.42 19.43
2.41 18.78
2.39 18.06
2.38 17.29
2.36 16.45
2.35 15.56
2.32 14.54
2.31 13.47
2.28 12.46
2.25 11.38
2.22 10.19
2.18 9.12
2.16 7.99
2.13 6.91
2.09 5.90
2.06 4.83
2.02 3.81
1.97 2.80
1.93 1.85
1.87 1.01
1.81 0.24
1.69 0.00
1.52 0.00
1.37 0.00
1.23 0.00
1.09 0.00
0.96 0.00
0.84 0.00
0.72 0.00
0.61 0.00
0.52 0.00
0.43 0.00
0.36 0.00
0.30 0.00
0.25 0.00
0.21 0.00
0.19 0.00
0.18 0.00
0.18 0.00
0.21 0.00
0.24 0.00
0.30 0.00
0.36 0.00
0.43 0.00
0.51 0.00
0.61 0.00
0.71 0.00
0.84 0.00
0.96 0.00
1.09 0.00
1.24 0.00
1.39 0.00
1.55 0.00
1.71 0.00
1.82 0.36
1.89 1.13
1.94 2.09
1.99 3.04
2.03 4.05
2.08 5.07
2.11 6.20
2.14 7.27
2.17 8.34
2.20 9.48
2.23 10.49
2.26 11.62
2.29 12.82
2.32 13.83
2.34 14.84
2.36 15.85
2.38 16.75
2.39 17.64
2.41 18.36
2.42 19.01
2.43 19.67
2.44 20.15
2.44 20.56
2.45 20.86
2.45 21.04
2.46 21.10
2.45 21.16
2.45 21.04
2.45 20.80
2.44 20.50
2.43 20.09
2.43 19.55
2.41 19.01
2.40 18.30
2.39 17.58
2.37 16.75
2.35 15.85
2.33 14.90
2.31 13.89
2.29 12.82
2.26 11.74
2.24 10.61
2.20 9.48
2.17 8.34
2.14 7.33
2.11 6.26
2.07 5.25
2.03 4.17
1.99 3.16
1.95 2.21
1.89 1.37
1.83 0.54
1.74 0.00
1.58 0.00
1.43 0.00
1.28 0.00
1.14 0.00
1.01 0.00
0.88 0.00
0.76 0.00
0.65 0.00
0.55 0.00
0.46 0.00
0.39 0.00
0.32 0.00
0.26 0.00
0.22 0.00
0.19 0.00
0.18 0.00
0.18 0.00
0.20 0.00
0.23 0.00
0.27 0.00
0.33 0.00
0.40 0.00
0.48 0.00
0.57 0.00
0.67 0.00
0.79 0.00
0.91 0.00
1.04 0.00
1.18 0.00
1.33 0.00
1.48 0.00
1.64 0.00
1.78 0.18
1.87 0.77
1.92 1.73
1.96 2.68
2.01 3.70
2.05 4.71
2.10 5.72
2.13 6.85
2.16 7.93
2.19 9.00
2.22 10.07
2.25 11.27
2.28 12.40
2.31 13.47
2.33 14.48
2.35 15.50
2.37 16.39
2.39 17.29
2.40 18.12
2.42 18.78
2.42 19.43
2.44 19.97
2.44 20.44
2.45 20.74
2.45 20.98
2.45 21.10
2.45 21.16
2.45 21.04
2.45 20.86
2.44 20.62
2.44 20.21
2.42 19.79
2.42 19.19
2.41 18.54
2.39 17.82
2.38 16.99
2.36 16.15
2.34 15.20
2.32 14.19
2.29 13.17
2.27 12.10
2.24 10.97
2.21 9.83
2.18 8.82
2.16 7.69
2.12 6.62
2.08 5.60
2.05 4.53
2.01 3.52
1.96 2.56
1.92 1.61
1.85 0.77
1.78 0.12
1.64 0.00
1.48 0.00
1.33 0.00
1.19 0.00
1.05 0.00
0.93 0.00
0.81 0.00
0.69 0.00
0.59 0.00
0.49 0.00
0.41 0.00
0.34 0.00
0.28 0.00
0.23 0.00
0.21 0.00
0.18 0.00
0.17 0.00
0.19 0.00
0.22 0.00
0.25 0.00
0.31 0.00
0.38 0.00
0.45 0.00
0.54 0.00
0.64 0.00
0.75 0.00
0.87 0.00
1.00 0.00
1.13 0.00
1.28 0.00
1.43 0.00
1.59 0.00
1.74 0.00
1.84 0.54
1.91 1.37
1.96 2.32
2.00 3.34
2.04 4.35
2.08 5.42
2.11 6.50
2.16 7.51
2.18 8.64
2.21 9.72
2.25 10.73
2.26 11.98
2.29 13.05
2.32 14.13
2.34 15.14
2.36 16.09
2.38 16.99
2.39 17.82
2.41 18.60
2.42 19.19
2.43 19.79
2.44 20.27
2.44 20.68
2.45 20.86
2.45 21.04
2.45 21.16
2.45 21.10
2.44 20.98
2.44 20.74
2.44 20.38
2.43 19.97
2.42 19.43
2.40 18.89
2.40 18.12
2.38 17.34
2.37 16.45
2.34 15.62
2.33 14.60
2.31 13.59
2.28 12.58
2.25 11.44
2.23 10.25
2.19 9.18
2.16 8.17
2.14 7.03
2.10 5.96
2.06 4.89
2.02 3.87
1.97 2.98
1.93 1.97
1.89 1.01
1.81 0.30
1.69 0.00
1.54 0.00
1.39 0.00
1.24 0.00
1.10 0.00
0.97 0.00
0.84 0.00
0.73 0.00
0.62 0.00
0.52 0.00
0.44 0.00
0.37 0.00
0.31 0.00
0.25 0.00
0.22 0.00
0.19 0.00
0.17 0.00
0.18 0.00
0.21 0.00
0.23 0.00
0.29 0.00
0.35 0.00
0.42 0.00
0.50 0.00
0.60 0.00
0.71 0.00
0.83 0.00
0.94 0.00
1.09 0.00
1.23 0.00
1.37 0.00
1.53 0.00
1.69 0.00
1.81 0.36
1.88 1.07
1.94 1.97
1.98 2.92
2.03 3.93
2.07 5.01
2.10 6.08
2.14 7.09
2.17 8.29
2.20 9.36
2.23 10.43
2.26 11.50
2.29 12.64
2.31 13.77
2.33 14.84
2.36 15.74
2.38 16.69
2.39 17.52
2.41 18.30
2.42 19.01
2.43 19.61
2.43 20.15
2.44 20.56
2.45 20.80
2.45 20.98
2.45 21.10
2.46 21.10
2.45 21.04
2.44 20.86
2.44 20.50
2.44 20.15
2.42 19.67
2.42 19.01
2.40 18.36
2.39 17.64
2.37 16.81
2.35 15.91
2.34 14.90
2.32 13.95
2.28 12.93
2.26 11.80
2.23 10.67
2.19 9.60
2.17 8.46
2.14 7.39
2.11 6.38
2.07 5.30
2.04 4.23
2.00 3.22
1.95 2.26
1.90 1.37
1.83 0.60
1.75 0.00
1.59 0.00
1.44 0.00
1.29 0.00
1.15 0.00
1.01 0.00
0.88 0.00
0.77 0.00
0.65 0.00
0.56 0.00
0.47 0.00
0.39 0.00
0.33 0.00
0.27 0.00
0.22 0.00
0.20 0.00
0.18 0.00
0.18 0.00
0.20 0.00
0.22 0.00
0.26 0.00
0.33 0.00
0.40 0.00
0.47 0.00
0.56 0.00
0.67 0.00
0.78 0.00
0.90 0.00
1.04 0.00
1.17 0.00
1.32 0.00
1.48 0.00
1.64 0.00
1.78 0.12
1.86 0.77
1.92 1.61
1.97 2.56
2.00 3.64
2.05 4.65
2.09 5.72
2.13 6.74
2.16 7.87
2.19 8.94
2.21 10.07
2.26 11.15
2.28 12.28
2.30 13.41
2.33 14.42
2.35 15.44
2.37 16.39
2.39 17.23
2.40 18.06
2.41 18.78
2.42 19.43
2.43 19.97
2.44 20.38
2.45 20.74
2.45 20.98
2.46 21.10
2.46 21.10
2.46 21.04
2.45 20.92
2.45 20.62
2.44 20.27
2.43 19.79
2.42 19.25
2.40 18.60
2.39 17.88
2.38 17.11
2.37 16.15
2.34 15.26
2.32 14.25
2.29 13.23
2.28 12.10
2.25 11.03
2.21 9.89
2.18 8.82
2.16 7.75
2.12 6.74
2.09 5.66
2.05 4.59
2.00 3.64
1.97 2.62
1.92 1.73
1.86 0.83
1.78 0.18
1.65 0.00
1.49 0.00
1.34 0.00
1.19 0.00
1.06 0.00
0.93 0.00
0.81 0.00
0.69 0.00
0.59 0.00
0.50 0.00
0.42 0.00
0.35 0.00
0.28 0.00
0.24 0.00
0.21 0.00
0.19 0.00
0.18 0.00
0.19 0.00
0.21 0.00
0.25 0.00
0.31 0.00
0.37 0.00
0.44 0.00
0.53 0.00
0.63 0.00
0.74 0.00
0.86 0.00
0.99 0.00
1.12 0.00
1.27 0.00
1.42 0.00
1.57 0.00
1.74 0.00
1.84 0.48
1.90 1.37
1.95 2.26
2.00 3.22
2.04 4.29
2.08 5.30
2.11 6.44
2.15 7.45
2.18 8.52
2.21 9.66
2.24 10.73
2.27 11.86
2.30 12.93
2.32 14.07
2.34 15.02
2.36 16.03
2.38 16.93
2.39 17.76
2.41 18.48
2.42 19.19
2.42 19.79
2.44 20.21
2.44 20.62
2.44 20.92
2.46 21.04
2.45 21.16
2.46 21.10
2.45 20.98
2.44 20.74
2.44 20.38
2.43 19.97
2.42 19.49
2.41 18.84
2.40 18.18
2.38 17.40
2.37 16.57
2.35 15.62
2.33 14.66
2.31 13.65
2.28 12.58
2.25 11.50
2.22 10.37
2.19 9.24
2.16 8.17
2.13 7.09
2.10 6.02
2.06 5.01
2.03 3.93
1.98 2.92
1.94 1.97
1.89 1.07
1.81 0.36
1.71 0.00
1.55 0.00
1.39 0.00
1.25 0.00
1.11 0.00
0.97 0.00
0.85 0.00
0.73 0.00
0.63 0.00
0.53 0.00
0.45 0.00
0.37 0.00
0.31 0.00
0.26 0.00
0.22 0.00
0.19 0.00
0.18 0.00
0.18 0.00
0.20 0.00
0.23 0.00
0.29 0.00
0.34 0.00
0.42 0.00
0.50 0.00
0.59 0.00
0.70 0.00
0.82 0.00
0.94 0.00
1.08 0.00
1.22 0.00
1.36 0.00
1.52 0.00
1.68 0.00
1.81 0.24
1.88 1.01
1.94 1.97
1.98 2.86
2.02 3.87
2.06 4.95
2.11 5.96
2.14 7.03
2.17 8.17
2.20 9.30
2.23 10.37
2.26 11.50
2.29 12.58
2.31 13.71
2.34 14.72
2.36 15.74
2.38 16.63
2.39 17.46
2.40 18.30
2.41 19.01
2.43 19.55
2.44 20.09
2.44 20.50
2.44 20.86
2.45 20.98
2.45 21.16
2.45 21.10
2.45 21.04
2.44 20.86
2.44 20.50
2.43 20.15
2.42 19.67
2.41 19.07
2.40 18.36
2.39 17.64
2.37 16.87
2.35 15.97
2.34 14.96
2.32 13.95
2.29 12.87
2.26 11.86
2.23 10.73
2.21 9.54
2.17 8.52
2.15 7.45
2.12 6.38
2.08 5.36
2.03 4.35
2.00 3.28
1.95 2.32
1.90 1.43
1.84 0.60
1.75 0.06
1.61 0.00
1.45 0.00
1.30 0.00
1.15 0.00
1.02 0.00
0.89 0.00
0.77 0.00
0.66 0.00
0.56 0.00
0.47 0.00
0.40 0.00
0.33 0.00
0.27 0.00
0.23 0.00
0.20 0.00
0.18 0.00
0.18 0.00
0.20 0.00
0.22 0.00
0.27 0.00
0.32 0.00
0.39 0.00
0.47 0.00
0.56 0.00
0.66 0.00
0.78 0.00
0.90 0.00
1.03 0.00
1.17 0.00
1.32 0.00
1.47 0.00
1.63 0.00
1.77 0.12
1.86 0.72
1.92 1.61
1.97 2.56
2.01 3.58
2.05 4.59
2.09 5.66
2.13 6.74
2.17 7.81
2.18 8.94
2.22 10.01
2.26 11.09
2.28 12.28
2.30 13.41
2.33 14.36
2.35 15.44
2.36 16.39
2.39 17.23
2.40 18.06
2.41 18.78
2.43 19.37
2.43 19.97
2.44 20.38
2.45 20.68
2.45 20.98
2.45 21.10
2.45 21.16
2.45 21.04
2.45 20.92
2.44 20.62
2.44 20.27
2.42 19.85
2.42 19.25
2.41 18.60
2.39 17.88
2.39 17.05
2.36 16.21
2.34 15.26
2.33 14.25
2.29 13.23
2.27 12.16
2.25 11.03
2.21 9.95
2.18 8.88
2.16 7.81
2.13 6.68
2.09 5.66
2.05 4.65
2.01 3.64
1.96 2.68
1.92 1.67
1.86 0.89
1.78 0.18
1.65 0.00
1.50 0.00
1.34 0.00
1.20 0.00
1.06 0.00
0.93 0.00
0.81 0.00
0.70 0.00
0.60 0.00
0.50 0.00
0.42 0.00
0.35 0.00
0.29 0.00
0.24 0.00
0.21 0.00
0.19 0.00
0.17 0.00
0.19 0.00
0.21 0.00
0.25 0.00
0.30 0.00
0.37 0.00
0.44 0.00
0.53 0.00
0.63 0.00
0.74 0.00
0.86 0.00
0.98 0.00
1.12 0.00
1.27 0.00
1.41 0.00
1.57 0.00
1.73 0.00
1.84 0.42
1.90 1.31
1.94 2.26
1.99 3.22
2.04 4.23
2.07 5.36
2.11 6.38
2.15 7.39
2.18 8.52
2.21 9.60
2.24 10.67
2.27 11.80
2.29 12.93
2.32 14.01
2.34 15.02
2.36 15.97
2.38 16.87
2.39 17.70
2.40 18.54
2.42 19.19
2.43 19.67
2.44 20.21
2.44 20.62
2.45 20.86
2.45 21.04
2.45 21.16
2.45 21.16
2.45 20.98
2.45 20.74
2.44 20.38
2.44 19.97
2.42 19.49
2.41 18.89
2.40 18.18
2.39 17.40
2.38 16.51
2.35 15.68
2.33 14.72
2.31 13.65
2.28 12.58
2.26 11.50
2.22 10.43
2.19 9.24
2.17 8.17
2.14 7.09
2.10 6.02
2.07 4.95
2.02 3.99
1.98 2.98
1.95 1.97
1.89 1.13
1.82 0.36
1.71 0.00
1.54 0.00
1.39 0.00
1.25 0.00
1.11 0.00
0.98 0.00
0.86 0.00
0.73 0.00
0.63 0.00
0.53 0.00
0.44 0.00
0.37 0.00
0.31 0.00
0.25 0.00
0.22 0.00
0.19 0.00
0.18 0.00
0.18 0.00
0.20 0.00
0.23 0.00
0.28 0.00
0.34 0.00
0.42 0.00
0.50 0.00
0.60 0.00
0.70 0.00
0.82 0.00
0.95 0.00
1.08 0.00
1.22 0.00
1.36 0.00
1.52 0.00
1.68 0.00
1.81 0.30
1.88 1.07
1.94 1.91
1.98 2.92
2.02 3.99
2.07 4.95
2.11 6.02
2.14 7.09
2.17 8.17
2.20 9.30
2.23 10.37
2.26 11.50
2.29 12.64
2.31 13.71
2.34 14.72
2.36 15.74
2.37 16.69
2.39 17.46
2.40 18.30
2.42 18.95
2.43 19.55
2.43 20.09
2.44 20.50
2.44 20.86
2.45 21.04
2.46 21.10
2.45 21.10
2.45 21.04
2.44 20.86
2.44 20.50
2.43 20.15
2.42 19.67
2.41 19.07
2.40 18.36
2.39 17.64
2.38 16.81
2.35 15.97
2.33 14.96
2.32 13.95
2.29 12.93
2.26 11.86
2.23 10.73
2.20 9.60
2.17 8.52
2.15 7.45
2.12 6.38
2.08 5.30
2.04 4.35
1.99 3.34
1.96 2.26
1.90 1.43
1.84 0.60
1.75 0.06
1.60 0.00
1.45 0.00
1.30 0.00
1.16 0.00
1.02 0.00
0.89 0.00
0.77 0.00
0.66 0.00
0.56 0.00
0.47 0.00
0.40 0.00
0.33 0.00
0.27 0.00
0.23 0.00
0.20 0.00
0.18 0.00
0.18 0.00
0.19 0.00
0.22 0.00
0.27 0.00
0.32 0.00
0.39 0.00
0.46 0.00
0.56 0.00
0.65 0.00
0.78 0.00
0.89 0.00
1.03 0.00
1.16 0.00
1.31 0.00
1.46 0.00
1.62 0.00
1.77 0.12
1.85 0.77
1.92 1.55
1.97 2.50
2.01 3.52
2.05 4.53
2.09 5.66
2.12 6.74
2.16 7.81
2.19 8.88
2.22 9.95
2.25 11.03
2.27 12.16
2.30 13.23
2.33 14.31
2.35 15.32
2.36 16.27
2.39 17.11
2.40 17.94
2.41 18.66
2.43 19.31
2.43 19.91
2.44 20.33
2.44 20.68
2.45 20.92
2.45 21.10
2.44 21.16
2.45 21.04
2.45 20.92
2.45 20.68
2.44 20.27
2.43 19.85
2.42 19.31
2.41 18.66
2.40 17.94
2.38 17.17
2.36 16.33
2.35 15.32
2.32 14.36
2.30 13.35
2.28 12.22
2.25 11.15
2.21 10.07
2.18 8.94
2.16 7.81
2.13 6.74
2.09 5.78
2.05 4.71
2.01 3.70
1.97 2.62
1.93 1.67
1.87 0.89
1.79 0.18
1.66 0.00
1.50 0.00
1.34 0.00
1.20 0.00
1.07 0.00
0.93 0.00
0.81 0.00
0.70 0.00
0.60 0.00
0.50 0.00
0.43 0.00
0.35 0.00
0.29 0.00
0.24 0.00
0.21 0.00
0.19 0.00
0.17 0.00
0.19 0.00
0.21 0.00
0.24 0.00
0.30 0.00
0.36 0.00
0.43 0.00
0.52 0.00
0.63 0.00
0.74 0.00
0.86 0.00
0.98 0.00
1.12 0.00
1.26 0.00
1.41 0.00
1.57 0.00
1.73 0.00
1.83 0.48
1.90 1.25
1.95 2.21
2.00 3.16
2.04 4.17
2.07 5.30
2.12 6.32
2.15 7.39
2.18 8.46
2.21 9.60
2.23 10.73
2.27 11.80
2.29 12.93
2.32 13.95
2.34 14.96
2.36 15.97
2.38 16.87
2.39 17.70
2.40 18.54
2.42 19.07
2.43 19.73
2.44 20.21
2.45 20.56
2.45 20.92
2.44 21.10
2.46 21.10
2.45 21.10
2.45 20.98
2.44 20.74
2.44 20.44
2.43 20.03
2.42 19.49
2.42 18.89
2.40 18.18
2.39 17.46
2.37 16.57
2.35 15.68
2.33 14.72
2.30 13.77
2.28 12.64
2.26 11.56
2.22 10.49
2.19 9.30
2.17 8.23
2.14 7.15
2.10 6.08
2.07 5.01
2.03 3.99
1.98 3.04
1.94 2.09
1.89 1.19
1.82 0.36
1.72 0.00
1.55 0.00
1.40 0.00
1.26 0.00
1.11 0.00
0.98 0.00
0.86 0.00
0.74 0.00
0.63 0.00
0.53 0.00
0.45 0.00
0.38 0.00
0.31 0.00
0.26 0.00
0.22 0.00
0.19 0.00
0.18 0.00
0.18 0.00
0.20 0.00
0.23 0.00
0.28 0.00
0.34 0.00
0.41 0.00
0.49 0.00
0.59 0.00
0.69 0.00
0.81 0.00
0.93 0.00
1.07 0.00
1.21 0.00
1.35 0.00
1.51 0.00
1.67 0.00
1.80 0.24
1.87 0.95
1.94 1.79
1.98 2.80
2.02 3.81
2.06 4.89
2.11 5.90
2.14 6.97
2.17 8.11
2.20 9.18
2.23 10.25
2.26 11.44
2.28 12.58
2.31 13.59
2.33 14.66
2.35 15.68
2.38 16.57
2.39 17.46
2.40 18.24
2.41 18.95
2.43 19.49
2.43 20.03
2.45 20.44
2.45 20.80
2.45 20.98
2.45 21.10
2.45 21.16
2.45 21.04
2.45 20.86
2.44 20.56
2.43 20.21
2.43 19.67
2.42 19.07
2.40 18.48
2.39 17.70
2.38 16.87
2.36 15.97
2.34 15.02
2.32 14.01
2.29 12.99
2.26 11.98
2.24 10.79
2.21 9.60
2.18 8.58
2.15 7.51
2.12 6.44
2.08 5.42
2.04 4.41
2.00 3.34
1.96 2.44
1.91 1.49
1.84 0.66
1.76 0.00
1.61 0.00
1.46 0.00
1.31 0.00
1.16 0.00
1.03 0.00
0.90 0.00
0.78 0.00
0.66 0.00
0.57 0.00
0.48 0.00
0.40 0.00
0.33 0.00
0.27 0.00
0.23 0.00
0.20 0.00
0.18 0.00
0.17 0.00
0.19 0.00
0.22 0.00
0.26 0.00
0.31 0.00
0.38 0.00
0.46 0.00
0.55 0.00
0.65 0.00
0.76 0.00
0.89 0.00
1.02 0.00
1.16 0.00
1.30 0.00
1.46 0.00
1.61 0.00
1.76 0.06
1.86 0.66
1.91 1.55
1.96 2.50
2.00 3.46
2.05 4.53
2.09 5.54
2.12 6.68
2.15 7.75
2.18 8.82
2.22 9.89
2.24 10.97
2.27 12.10
2.30 13.17
2.32 14.25
2.35 15.26
2.37 16.21
2.38 17.11
2.39 17.88
2.40 18.72
2.42 19.31
2.43 19.85
2.44 20.33
2.44 20.68
2.45 20.92
2.45 21.10
2.45 21.16
2.46 21.04
2.45 20.92
2.44 20.68
2.44 20.33
2.43 19.91
2.42 19.31
2.41 18.72
2.39 18.00
2.39 17.17
2.37 16.33
2.35 15.38
2.33 14.42
2.30 13.41
2.27 12.40
2.25 11.27
2.22 10.13
2.19 8.94
2.16 7.87
2.13 6.79
2.10 5.72
2.06 4.71
2.01 3.70
1.97 2.74
1.93 1.79
1.87 0.95
1.80 0.18
1.67 0.00
1.51 0.00
1.36 0.00
1.21 0.00
1.07 0.00
0.94 0.00
0.82 0.00
0.71 0.00
0.60 0.00
0.50 0.00
0.43 0.00
0.36 0.00
0.30 0.00
0.24 0.00
0.21 0.00
0.18 0.00
0.18 0.00
0.19 0.00
0.21 0.00
0.24 0.00
0.29 0.00
0.36 0.00
0.43 0.00
0.52 0.00
0.62 0.00
0.72 0.00
0.84 0.00
0.97 0.00
1.10 0.00
1.25 0.00
1.40 0.00
1.56 0.00
1.72 0.00
1.83 0.42
1.89 1.25
1.95 2.15
1.99 3.10
2.03 4.11
2.07 5.19
2.11 6.26
2.15 7.33
2.18 8.40
2.20 9.54
2.24 10.55
2.26 11.74
2.29 12.87
2.32 13.89
2.34 14.96
2.36 15.91
2.38 16.81
2.39 17.64
2.41 18.36
2.41 19.13
2.43 19.67
2.43 20.21
2.44 20.56
2.45 20.86
2.46 21.04
2.45 21.16
2.45 21.04
2.45 20.98
2.45 20.74
2.44 20.38
2.43 20.03
2.42 19.55
2.41 18.95
2.40 18.24
2.39 17.46
2.37 16.69
2.35 15.74
2.33 14.78
2.31 13.77
2.28 12.70
2.26 11.62
2.23 10.49
2.19 9.36
2.17 8.23
2.14 7.15
2.10 6.14
2.07 5.07
2.03 4.05
1.99 3.04
1.94 2.15
1.89 1.19
1.82 0.48
1.72 0.00
1.56 0.00
1.41 0.00
1.27 0.00
1.12 0.00
0.99 0.00
0.86 0.00
0.75 0.00
0.64 0.00
0.54 0.00
0.45 0.00
0.38 0.00
0.32 0.00
0.26 0.00
0.22 0.00
0.19 0.00
0.18 0.00
0.18 0.00
0.20 0.00
0.23 0.00
0.28 0.00
0.34 0.00
0.40 0.00
0.48 0.00
0.58 0.00
0.68 0.00
0.80 0.00
0.93 0.00
1.06 0.00
1.20 0.00
1.34 0.00
1.51 0.00
1.66 0.00
1.80 0.18
1.87 0.95
1.93 1.79
1.97 2.80
2.02 3.76
2.06 4.83
2.10 5.84
2.14 6.91
2.17 8.05
2.19 9.18
2.23 10.19
2.26 11.38
2.29 12.46
2.31 13.59
2.33 14.60
2.35 15.62
2.37 16.57
2.38 17.46
2.40 18.18
2.41 18.89
2.43 19.49
2.44 20.03
2.44 20.44
2.45 20.74
2.45 20.98
2.45 21.10
2.45 21.10
2.45 21.04
2.44 20.86
2.44 20.56
2.44 20.15
2.42 19.73
2.41 19.13
2.40 18.48
2.39 17.70
2.37 16.93
2.36 15.97
2.34 15.08
2.31 14.13
2.29 12.99
2.27 11.92
2.24 10.85
2.20 9.72
2.18 8.58
2.16 7.51
2.12 6.50
2.08 5.42
2.04 4.41
2.00 3.46
1.96 2.44
1.91 1.55
1.85 0.72
1.77 0.06
1.62 0.00
1.47 0.00
1.31 0.00
1.17 0.00
1.03 0.00
0.91 0.00
0.79 0.00
0.67 0.00
0.57 0.00
0.48 0.00
0.40 0.00
0.33 0.00
0.28 0.00
0.23 0.00
0.20 0.00
0.18 0.00
0.18 0.00
0.19 0.00
0.22 0.00
0.26 0.00
0.31 0.00
0.38 0.00
0.46 0.00
0.55 0.00
0.65 0.00
0.76 0.00
0.88 0.00
1.01 0.00
1.15 0.00
1.30 0.00
1.45 0.00
1.61 0.00
1.76 0.06
1.85 0.66
1.91 1.49
1.96 2.38
2.01 3.46
2.04 4.53
2.09 5.54
2.12 6.62
2.16 7.69
2.18 8.82
2.21 9.89
2.25 10.91
2.28 12.04
2.31 13.11
2.33 14.19
2.34 15.26
2.36 16.21
2.39 17.05
2.40 17.88
2.41 18.60
2.43 19.25
2.43 19.85
2.44 20.33
2.44 20.68
2.45 20.86
2.46 21.04
2.45 21.16
2.45 21.10
2.44 20.98
2.44 20.74
2.44 20.33
2.43 19.91
2.42 19.37
2.41 18.72
2.40 18.00
2.39 17.17
2.36 16.39
2.35 15.44
2.32 14.54
2.30 13.47
2.28 12.34
2.25 11.32
2.21 10.19
2.19 8.94
2.16 7.93
2.13 6.79
2.09 5.84
2.05 4.83
2.02 3.76
1.97 2.74
1.92 1.85
1.88 0.89
1.80 0.24
1.67 0.00
1.52 0.00
1.36 0.00
1.22 0.00
1.08 0.00
0.95 0.00
0.83 0.00
0.71 0.00
0.61 0.00
0.51 0.00
0.43 0.00
0.36 0.00
0.30 0.00
0.24 0.00
0.21 0.00
0.19 0.00
0.18 0.00
0.19 0.00
0.21 0.00
0.24 0.00
0.29 0.00
0.36 0.00
0.43 0.00
0.51 0.00
0.61 0.00
0.72 0.00
0.84 0.00
0.96 0.00
1.10 0.00
1.24 0.00
1.40 0.00
1.55 0.00
1.71 0.00
1.83 0.36
1.89 1.19
1.94 2.15
1.98 3.10
2.04 4.05
2.08 5.07
2.11 6.20
2.15 7.27
2.17 8.40
2.20 9.48
2.24 10.49
2.26 11.74
2.29 12.82
2.32 13.83
2.34 14.90
2.36 15.91
2.38 16.75
2.39 17.64
2.40 18.42
2.42 19.07
2.42 19.67
2.43 20.15
2.44 20.56
2.45 20.86
2.45 20.98
2.45 21.16
2.45 21.10
2.45 20.98
2.44 20.80
2.44 20.44
2.43 20.03
2.42 19.55
2.41 19.01
2.40 18.24
2.39 17.46
2.37 16.69
2.35 15.74
2.34 14.72
2.31 13.77
2.28 12.82
2.26 11.62
2.23 10.49
2.20 9.36
2.17 8.29
2.14 7.21
2.11 6.14
2.07 5.13
2.03 4.11
1.99 3.10
1.94 2.15
1.90 1.19
1.83 0.48
1.73 0.00
1.57 0.00
1.41 0.00
1.27 0.00
1.12 0.00
0.99 0.00
0.86 0.00
0.75 0.00
0.64 0.00
0.54 0.00
0.45 0.00
0.38 0.00
0.32 0.00
0.26 0.00
0.22 0.00
0.19 0.00
0.18 0.00
0.18 0.00
0.20 0.00
0.23 0.00
0.28 0.00
0.34 0.00
0.41 0.00
0.48 0.00
0.58 0.00
0.68 0.00
0.80 0.00
0.92 0.00
1.06 0.00
1.20 0.00
1.35 0.00
1.50 0.00
1.67 0.00
1.79 0.24
1.87 0.95
1.93 1.85
1.97 2.80
2.01 3.81
2.07 4.83
2.10 5.84
2.13 6.97
2.17 7.99
2.20 9.12
2.23 10.19
2.26 11.38
2.28 12.52
2.31 13.59
2.33 14.60
2.35 15.62
2.38 16.51
2.39 17.34
2.40 18.18
2.41 18.89
2.43 19.49
2.43 20.03
2.44 20.44
2.44 20.80
2.45 20.98
2.45 21.10
2.45 21.10
2.45 21.10
2.44 20.92
2.44 20.56
2.43 20.21
2.42 19.79
2.42 19.13
2.40 18.48
2.39 17.76
2.37 16.99
2.36 16.09
2.33 15.14
2.31 14.13
2.29 13.05
2.27 11.98
2.23 10.91
2.20 9.78
2.17 8.70
2.15 7.63
2.11 6.56
2.09 5.42
2.04 4.47
2.00 3.46
1.96 2.50
1.91 1.55
1.85 0.77
1.77 0.06
1.63 0.00
1.47 0.00
1.32 0.00
1.17 0.00
1.04 0.00
0.91 0.00
0.79 0.00
0.67 0.00
0.58 0.00
0.48 0.00
0.41 0.00
0.34 0.00
0.28 0.00
0.23 0.00
0.20 0.00
0.18 0.00
0.18 0.00
0.19 0.00
0.22 0.00
0.25 0.00
0.31 0.00
0.38 0.00
0.45 0.00
0.54 0.00
0.65 0.00
0.75 0.00
0.87 0.00
1.00 0.00
1.14 0.00
1.29 0.00
1.44 0.00
1.60 0.00
1.75 0.06
1.85 0.54
1.91 1.49
1.96 2.38
2.00 3.34
2.04 4.41
2.09 5.42
2.12 6.56
2.15 7.63
2.19 8.70
2.21 9.83
2.24 10.85
2.27 12.04
2.30 13.11
2.32 14.19
2.35 15.14
2.37 16.15
2.39 17.05
2.39 17.88
2.41 18.60
2.42 19.25
2.43 19.79
2.44 20.27
2.45 20.62
2.45 20.92
2.45 21.10
2.45 21.10
2.46 21.04
2.45 20.98
2.45 20.68
2.43 20.38
2.43 19.91
2.42 19.37
2.41 18.78
2.39 18.06
2.38 17.29
2.37 16.39
2.35 15.50
2.33 14.48
2.30 13.47
2.28 12.40
2.25 11.32
2.21 10.25
2.19 9.06
2.17 7.93
2.13 6.91
2.10 5.78
2.06 4.77
2.02 3.76
1.97 2.80
1.93 1.85
1.88 0.95
1.81 0.24
1.68 0.00
1.52 0.00
1.37 0.00
1.22 0.00
1.09 0.00
0.95 0.00
0.83 0.00
0.72 0.00
0.61 0.00
0.52 0.00
0.43 0.00
0.36 0.00
0.29 0.00
0.25 0.00
0.21 0.00
0.19 0.00
0.17 0.00
0.18 0.00
0.21 0.00
0.24 0.00
0.29 0.00
0.35 0.00
0.43 0.00
0.51 0.00
0.61 0.00
0.72 0.00
0.83 0.00
0.96 0.00
1.09 0.00
1.24 0.00
1.39 0.00
1.54 0.00
1.71 0.00
1.81 0.42
1.89 1.13
1.94 2.03
1.99 2.98
2.03 4.05
2.07 5.13
2.10 6.20
2.15 7.21
2.17 8.34
2.20 9.42
2.23 10.49
2.26 11.68
2.29 12.76
2.32 13.83
2.34 14.84
2.36 15.85
2.38 16.75
2.39 17.58
2.41 18.30
2.42 19.01
2.43 19.67
2.43 20.15
2.44 20.56
2.45 20.86
2.45 20.9