0.04 3.97
0.04 3.97
0.03 3.97
0.04 3.97
0.04 3.97
0.04 3.97
0.04 3.96
0.04 3.97
0.04 3.97
0.04 3.97
0.04 3.97
0.04 3.97
0.04 3.97
0.03 3.97
0.04 3.97
0.04 3.97
0.04 3.96
0.04 3.97
0.04 3.97
0.04 3.97
0.04 3.97
0.04 3.97
0.04 3.97
0.04 3.97
0.04 3.96
0.03 3.96
0.04 3.97
0.04 3.97
0.04 3.97
0.04 3.97
0.04 3.97
0.04 3.97
0.04 3.97
0.04 3.96
0.03 3.97
0.03 3.97
0.04 3.97
0.04 3.97
0.04 3.97
0.04 3.97
0.04 3.97
0.04 3.97
0.03 3.97
0.04 3.96
0.04 3.97
0.04 3.97
0.04 3.97
0.04 3.97
0.04 3.97
0.04 3.97
0.04 3.97
0.04 3.96
0.04 3.96
0.04 3.96
0.04 3.97
0.04 3.97
0.04 3.97
0.04 3.97
0.04 3.97
0.04 3.97
0.04 3.97
0.04 3.96
0.04 3.96
0.04 3.97
0.04 3.97
0.04 3.97
0.04 3.97
0.04 3.97
0.04 3.97
0.04 3.97
0.04 3.96
0.04 3.96
0.04 3.97
0.04 3.97
0.04 3.97
0.03 3.97
0.04 3.97
0.03 3.97
0.04 3.97
0.04 3.96
0.04 3.97
0.04 3.97
0.04 3.97
0.04 3.97
0.04 3.97
0.03 3.97
0.04 3.98
0.04 3.98
0.04 3.97
0.04 3.96
0.04 3.97
0.04 3.97
0.04 3.97
0.04 3.97
0.04 3.97
0.04 3.97
0.03 3.97
0.04 3.97
0.03 3.97
0.04 3.96
0.04 3.97
0.04 3.97
0.04 3.97
0.04 3.97
0.04 3.97
0.04 3.97
0.04 3.97
0.04 3.96
0.04 3.97
0.04 3.97
0.04 3.97
0.04 3.97
0.04 3.97
0.04 3.97
0.03 3.97
0.04 3.97
0.04 3.96
0.04 3.96
0.04 3.97
0.04 3.97
0.04 3.97
0.04 3.97
0.04 3.97
0.04 3.97
0.04 3.97
0.04 3.97
0.04 3.97
0.04 3.97
0.04 3.97
0.04 3.97
0.04 3.97
0.04 3.97
0.04 3.97
0.04 3.97
0.04 3.96
0.04 3.97
0.04 3.97
0.04 3.97
0.04 3.97
0.04 3.97
0.04 3.97
0.04 3.97
0.04 3.97
0.04 3.97
0.04 3.96
0.03 3.97
0.04 3.97
0.04 3.97
0.04 3.97
0.04 3.97
0.04 3.97
0.04 3.97
0.04 3.97
0.04 3.96
0.04 3.96
0.04 3.97
0.04 3.97
0.04 3.97
0.04 3.97
0.04 3.97
0.04 3.97
0.03 3.97
0.04 3.97
0.04 3.97
0.04 3.97
0.04 3.97
0.04 3.97
0.04 3.97
0.04 3.97
0.04 3.97
0.04 3.98
0.04 3.96
0.04 3.97
0.04 3.97
0.04 3.97
0.04 3.97
0.04 3.97
0.04 3.97
0.04 3.97
0.04 3.97
0.04 3.97
0.04 3.96
0.04 3.97
0.04 3.97
0.04 3.97
0.04 3.97
0.04 3.97
0.04 3.97
0.04 3.97
0.04 3.97
0.03 3.97
0.04 3.97
0.04 3.97
0.04 3.97
0.04 3.97
0.04 3.97
0.04 3.97
0.04 3.97
0.04 3.97
0.04 3.96
0.03 3.97
0.04 3.98
0.04 3.97
0.04 3.97
0.04 3.97
0.04 3.97
0.04 3.97
0.04 3.97
0.04 3.97
0.03 3.97
0.04 3.97
0.04 3.97
0.04 3.97
0.04 3.97
0.04 3.97
0.04 3.97
0.04 3.97
0.04 3.96
0.04 3.96
0.04 3.97
0.03 3.97
0.04 3.97
0.04 3.97
0.04 3.97
0.03 3.97
0.04 3.97
0.04 3.96
0.04 3.96
0.04 3.97
0.04 3.97
0.03 3.97
0.04 3.97
0.04 3.97
0.04 3.97
0.04 3.97
0.04 3.96
0.04 3.96
0.04 3.96
0.04 3.97
0.04 3.97
0.03 3.97
0.04 3.97
0.04 3.97
0.04 3.97
0.04 3.97
0.04 3.97
0.04 3.96
0.03 3.97
0.04 3.97
0.04 3.97
0.04 3.97
0.05 3.97
0.10 3.97
0.08 3.97
0.13 3.97
0.12 3.96
0.13 3.97
0.12 3.97
0.12 3.97
0.12 3.97
0.13 3.97
0.13 3.97
0.14 3.97
0.14 3.96
0.13 3.96
0.12 3.97
0.11 3.97
0.15 3.97
0.14 3.97
0.14 3.97
0.15 3.98
0.15 3.97
0.14 3.97
0.16 3.96
0.15 3.97
0.18 3.97
0.18 3.97
0.18 3.97
0.17 3.97
0.18 3.97
0.18 3.97
0.17 3.96
0.17 3.97
0.17 3.97
0.17 3.97
0.17 3.97
0.17 3.97
0.17 3.97
0.17 3.97
0.17 3.97
0.17 3.96
0.17 3.96
0.17 3.97
0.17 3.97
0.17 3.97
0.17 3.97
0.16 3.97
0.16 3.97
0.17 3.97
0.16 3.97
0.16 3.96
0.16 3.97
0.16 3.97
0.17 3.97
0.16 3.97
0.17 3.97
0.16 3.97
0.16 3.97
0.16 3.96
0.17 3.96
0.16 3.97
0.16 3.97
0.17 3.97
0.17 3.97
0.17 3.97
0.17 3.97
0.18 3.97
0.19 3.97
0.18 3.96
0.18 3.97
0.19 3.98
0.19 3.97
0.18 3.97
0.19 3.97
0.20 3.98
0.19 3.97
0.20 3.97
0.21 3.96
0.20 3.97
0.20 3.97
0.22 3.97
0.22 3.97
0.22 3.97
0.22 3.97
0.23 3.97
0.23 3.97
0.26 3.96
0.29 3.97
0.27 3.97
0.29 3.97
0.27 3.97
0.28 3.97
0.29 3.97
0.30 3.97
0.30 3.97
0.32 3.96
0.33 3.97
0.33 3.97
0.34 3.97
0.35 3.97
0.36 3.97
0.37 3.97
0.37 3.97
0.37 3.96
0.37 3.96
0.38 3.97
0.38 3.97
0.39 3.97
0.39 3.97
0.40 3.97
0.40 3.97
0.41 3.97
0.42 3.96
0.44 3.96
0.45 3.97
0.47 3.97
0.47 3.97
0.49 3.97
0.51 3.97
0.55 3.97
0.56 3.97
0.57 3.96
0.58 3.96
0.65 3.96
0.71 3.94
0.78 3.88
0.80 3.85
0.83 3.79
0.86 3.71
0.87 3.70
0.92 3.52
0.95 3.40
0.95 3.40
0.95 3.42
0.96 3.38
0.98 3.30
1.01 3.16
1.03 3.07
1.03 3.07
1.06 2.90
1.10 2.61
1.10 2.61
1.10 2.60
1.11 2.56
1.13 2.42
1.16 2.26
1.17 2.17
1.20 1.96
1.21 1.92
1.20 1.93
1.20 1.93
1.21 1.93
1.21 1.92
1.21 1.89
1.21 1.86
1.21 1.88
1.21 1.87
1.22 1.80
1.24 1.67
1.25 1.55
1.27 1.47
1.28 1.40
1.29 1.34
1.28 1.36
1.28 1.36
1.29 1.30
1.30 1.16
1.32 1.05
1.33 1.03
1.33 0.97
1.36 0.73
1.38 0.63
1.39 0.54
1.40 0.51
1.42 0.41
1.44 0.34
1.46 0.31
1.47 0.30
1.49 0.27
1.49 0.27
1.50 0.27
1.51 0.26
1.52 0.25
1.53 0.24
1.53 0.24
1.54 0.23
1.55 0.22
1.56 0.22
1.56 0.22
1.55 0.22
1.56 0.22
1.56 0.22
1.58 0.21
1.60 0.21
1.61 0.20
1.63 0.19
1.64 0.19
1.66 0.18
1.66 0.18
1.68 0.18
1.68 0.18
1.69 0.18
1.70 0.17
1.71 0.17
1.72 0.16
1.73 0.16
1.74 0.16
1.73 0.17
1.73 0.16
1.72 0.17
1.73 0.17
1.74 0.16
1.74 0.16
1.76 0.16
1.78 0.15
1.79 0.15
1.80 0.15
1.80 0.15
1.81 0.15
1.80 0.15
1.80 0.15
1.81 0.14
1.81 0.14
1.83 0.15
1.84 0.14
1.84 0.14
1.84 0.14
1.85 0.14
1.86 0.14
1.87 0.14
1.87 0.14
1.88 0.13
1.89 0.13
1.89 0.13
1.90 0.13
1.91 0.13
1.91 0.13
1.92 0.13
1.92 0.13
1.92 0.13
1.92 0.13
1.92 0.13
1.92 0.13
1.92 0.13
1.92 0.13
1.92 0.13
1.92 0.13
1.92 0.13
1.92 0.13
1.92 0.13
1.92 0.13
1.92 0.13
1.92 0.13
1.92 0.13
1.92 0.13
1.92 0.13
1.92 0.13
1.92 0.13
1.92 0.13
1.92 0.13
1.92 0.13
1.92 0.13
1.92 0.13
1.92 0.13
1.92 0.13
1.92 0.13
1.91 0.13
1.92 0.13
1.92 0.14
1.92 0.13
1.92 0.13
1.92 0.13
1.92 0.13
1.93 0.13
1.93 0.13
1.94 0.12
1.95 0.12
1.96 0.13
1.96 0.12
1.96 0.13
1.97 0.12
1.99 0.12
2.01 0.12
2.02 0.12
2.01 0.11
2.04 0.11
2.06 0.11
2.07 0.11
2.09 0.11
2.09 0.11
2.11 0.11
2.12 0.11
2.12 0.11
2.13 0.11
2.13 0.11
2.14 0.11
2.15 0.11
2.15 0.10
2.16 0.10
2.17 0.10
2.17 0.11
2.17 0.10
2.19 0.10
2.19 0.10
2.20 0.10
2.21 0.10
2.21 0.10
2.22 0.10
2.23 0.10
2.24 0.10
2.24 0.10
2.24 0.10
2.25 0.09
2.26 0.09
2.26 0.10
2.26 0.09
2.26 0.10
2.26 0.10
2.27 0.10
2.27 0.09
2.27 0.09
2.27 0.10
2.28 0.10
2.29 0.09
2.29 0.09
2.29 0.09
2.29 0.09
2.30 0.09
2.30 0.10
2.31 0.10
2.31 0.10
2.31 0.09
2.33 0.09
2.33 0.09
2.34 0.09
2.34 0.09
2.35 0.09
2.36 0.09
2.37 0.09
2.37 0.09
2.38 0.09
2.39 0.09
2.39 0.09
2.39 0.08
2.39 0.09
2.40 0.09
2.39 0.09
2.39 0.09
2.39 0.09
2.39 0.09
2.40 0.09
2.40 0.09
2.40 0.09
2.40 0.09
2.40 0.09
2.42 0.09
2.42 0.09
2.41 0.09
2.42 0.09
2.43 0.09
2.43 0.09
2.44 0.08
2.44 0.09
2.44 0.09
2.45 0.09
2.45 0.08
2.44 0.09
2.45 0.09
2.45 0.09
2.46 0.09
2.46 0.09
2.47 0.08
2.47 0.08
2.48 0.08
2.48 0.09
2.48 0.08
2.48 0.08
2.48 0.09
2.48 0.08
2.48 0.09
2.48 0.09
2.49 0.08
2.50 0.08
2.50 0.08
2.51 0.08
2.51 0.08
2.50 0.08
2.51 0.09
2.51 0.08
2.51 0.09
2.51 0.08
2.51 0.08
2.51 0.08
2.52 0.08
2.51 0.08
2.51 0.08
2.51 0.08
2.51 0.08
2.51 0.08
2.51 0.09
2.51 0.08
2.51 0.08
2.51 0.08
2.51 0.09
2.50 0.09
2.51 0.08
2.51 0.08
2.51 0.08
2.51 0.08
2.51 0.08
2.51 0.08
2.51 0.08
2.51 0.08
2.51 0.08
2.51 0.08
2.51 0.09
2.51 0.08
2.51 0.08
2.51 0.08
2.51 0.08
2.51 0.08
2.52 0.08
2.52 0.08
2.53 0.08
2.53 0.08
2.54 0.08
2.54 0.08
2.54 0.08
2.56 0.08
2.56 0.08
2.57 0.08
2.57 0.08
2.58 0.08
2.60 0.07
2.61 0.08
2.61 0.08
2.62 0.08
2.63 0.08
2.64 0.08
2.64 0.08
2.65 0.08
2.66 0.08
2.67 0.08
2.68 0.07
2.69 0.08
2.70 0.07
2.71 0.08
2.72 0.08
2.73 0.07
2.73 0.08
2.74 0.08
2.75 0.07
2.76 0.08
2.77 0.07
2.77 0.07
2.78 0.07
2.78 0.07
2.79 0.07
2.79 0.07
2.80 0.07
2.81 0.07
2.81 0.07
2.82 0.07
2.82 0.07
2.82 0.07
2.83 0.07
2.83 0.07
2.83 0.07
2.83 0.07
2.84 0.07
2.84 0.07
2.84 0.07
2.85 0.07
2.85 0.07
2.85 0.07
2.85 0.07
2.85 0.07
2.85 0.07
2.86 0.07
2.86 0.07
2.86 0.07
2.86 0.07
2.86 0.07
2.86 0.07
2.87 0.07
2.87 0.07
2.86 0.07
2.87 0.07
2.88 0.07
2.87 0.07
2.87 0.07
2.87 0.07
2.87 0.07
2.87 0.07
2.87 0.07
2.87 0.07
2.87 0.07
2.87 0.07
2.87 0.07
2.87 0.07
2.87 0.07
2.87 0.07
2.87 0.07
2.87 0.07
2.87 0.07
2.87 0.07
2.87 0.07
2.87 0.07
2.87 0.07
2.87 0.07
2.87 0.07
2.87 0.07
2.87 0.07
2.87 0.07
2.87 0.07
2.87 0.07
2.87 0.07
2.87 0.07
2.87 0.07
2.87 0.07
2.87 0.07
2.87 0.07
2.87 0.07
2.87 0.07
2.87 0.07
2.88 0.07
2.88 0.07
2.88 0.07
2.88 0.07
2.89 0.07
2.89 0.07
2.88 0.07
2.88 0.07
2.88 0.07
2.89 0.07
2.89 0.07
2.89 0.07
2.90 0.07
2.90 0.07
2.90 0.07
2.90 0.06
2.90 0.06
2.90 0.07
2.90 0.07
2.90 0.07
2.91 0.07
2.91 0.07
2.91 0.07
2.91 0.07
2.92 0.07
2.92 0.07
2.91 0.07
2.92 0.07
2.92 0.07
2.92 0.07
2.92 0.07
2.92 0.07
2.92 0.07
2.92 0.07
2.92 0.07
2.92 0.07
2.93 0.07
2.93 0.07
2.93 0.07
2.93 0.07
2.93 0.07
2.93 0.07
2.93 0.07
2.93 0.07
2.93 0.07
2.94 0.07
2.94 0.07
2.94 0.06
2.94 0.07
2.94 0.07
2.94 0.07
2.95 0.07
2.94 0.07
2.94 0.07
2.94 0.07
2.95 0.07
2.95 0.07
2.95 0.07
2.95 0.07
2.95 0.06
2.95 0.07
2.95 0.07
2.95 0.07
2.95 0.07
2.95 0.07
2.96 0.06
2.96 0.07
2.96 0.07
2.96 0.07
2.96 0.07
2.96 0.07
2.96 0.07
2.95 0.07
2.96 0.07
2.96 0.07
2.96 0.07
2.96 0.07
2.96 0.07
2.96 0.07
2.96 0.07
2.96 0.06
2.96 0.07
2.97 0.06
2.97 0.07
2.97 0.06
2.97 0.07
2.97 0.07
2.97 0.07
2.97 0.07
2.97 0.07
2.96 0.07
2.97 0.07
2.97 0.06
2.97 0.07
2.97 0.07
2.97 0.07
2.97 0.07
2.97 0.07
2.97 0.07
2.97 0.07
2.97 0.06
2.97 0.07
2.97 0.07
2.97 0.07
2.97 0.07
2.97 0.07
2.97 0.07
2.97 0.07
2.97 0.06
2.97 0.07
2.97 0.06
2.97 0.07
2.97 0.07
2.97 0.07
2.97 0.07
2.97 0.07
2.97 0.07
2.97 0.07
2.97 0.07
2.97 0.07
2.97 0.07
2.98 0.06
2.98 0.07
2.98 0.07
2.98 0.07
2.98 0.07
2.98 0.07
2.98 0.07
2.99 0.06
2.99 0.06
2.99 0.06
3.00 0.07
3.00 0.06
3.00 0.06
3.00 0.07
3.00 0.07
3.00 0.07
3.00 0.07
3.01 0.06
3.00 0.07
3.01 0.06
3.01 0.07
3.01 0.06
3.01 0.07
3.00 0.07
3.01 0.07
3.01 0.07
3.01 0.06
3.02 0.06
3.02 0.07
3.02 0.06
3.02 0.06
3.02 0.07
3.02 0.07
3.02 0.07
3.02 0.07
3.02 0.07
3.02 0.06
3.03 0.06
3.03 0.06
3.03 0.07
3.03 0.06
3.03 0.06
3.02 0.07
3.02 0.07
3.03 0.07
3.03 0.06
3.03 0.07
3.03 0.07
3.04 0.06
3.03 0.06
3.03 0.07
3.03 0.06
3.03 0.06
3.04 0.06
3.04 0.06
3.04 0.06
3.04 0.06
3.04 0.06
3.04 0.06
3.04 0.07
3.03 0.07
3.03 0.07
3.04 0.07
3.04 0.06
3.04 0.07
3.04 0.06
3.04 0.06
3.04 0.06
3.04 0.07
3.04 0.06
3.03 0.07
3.03 0.07
3.04 0.06
3.04 0.07
3.04 0.06
3.04 0.06
3.04 0.07
3.04 0.07
3.04 0.06
3.03 0.06
3.03 0.06
3.04 0.06
3.04 0.06
3.04 0.06
3.04 0.07
3.04 0.07
3.04 0.07
3.04 0.07
3.04 0.07
3.04 0.07
3.04 0.06
3.05 0.06
3.04 0.06
3.05 0.06
3.05 0.06
3.05 0.06
3.05 0.06
3.05 0.07
3.05 0.06
3.06 0.06
3.06 0.06
3.06 0.06
3.06 0.07
3.06 0.06
3.07 0.06
3.07 0.06
3.07 0.06
3.07 0.07
3.07 0.06
3.07 0.07
3.07 0.06
3.07 0.07
3.07 0.06
3.07 0.06
3.08 0.06
3.08 0.07
3.07 0.06
3.07 0.06
3.07 0.07
3.07 0.07
3.07 0.07
3.07 0.07
3.07 0.06
3.07 0.06
3.08 0.06
3.07 0.06
3.07 0.07
3.08 0.06
3.08 0.06
3.08 0.06
3.08 0.06
3.07 0.06
3.08 0.06
3.08 0.06
3.07 0.07
3.07 0.06
3.07 0.06
3.08 0.06
3.08 0.06
3.08 0.06
3.08 0.07
3.08 0.06
3.08 0.06
3.08 0.07
3.07 0.06
3.07 0.06
3.07 0.07
3.07 0.07
3.07 0.06
3.07 0.06
3.07 0.07
3.08 0.06
3.08 0.06
3.07 0.06
3.07 0.06
3.08 0.06
3.07 0.07
3.08 0.06
3.07 0.06
3.07 0.07
3.08 0.06
3.08 0.06
3.07 0.06
3.07 0.07
3.07 0.07
3.08 0.07
3.07 0.07
3.07 0.06
3.08 0.07
3.08 0.07
3.08 0.06
3.08 0.06
3.07 0.06
3.07 0.06
3.08 0.06
3.08 0.07
3.07 0.06
3.08 0.06
3.08 0.06
3.08 0.06
3.08 0.06
3.07 0.06
3.07 0.06
3.08 0.07
3.07 0.07
3.07 0.07
3.07 0.06
3.08 0.06
3.07 0.07
3.08 0.06
3.07 0.06
3.07 0.07
3.07 0.07
3.07 0.06
3.08 0.06
3.07 0.07
3.08 0.07
3.07 0.06
3.07 0.06
3.08 0.06
3.07 0.07
3.07 0.06
3.08 0.06
3.08 0.06
3.08 0.06
3.08 0.06
3.08 0.06
3.08 0.06
3.08 0.07
3.07 0.06
3.07 0.06
3.08 0.06
3.07 0.06
3.07 0.06
3.08 0.07
3.07 0.07
3.07 0.07
3.08 0.06
3.07 0.06
3.07 0.06
3.07 0.06
3.08 0.06
3.08 0.06
3.07 0.06
3.08 0.06
3.07 0.07
3.07 0.07
3.08 0.07
3.07 0.06
3.07 0.07
3.08 0.06
3.08 0.06
3.07 0.06
3.08 0.06
3.08 0.06
3.08 0.06
3.08 0.06
3.07 0.06
3.07 0.07
3.07 0.07
3.07 0.06
3.07 0.06
3.07 0.06
3.07 0.06
3.07 0.07
3.07 0.07
3.06 0.06
3.06 0.07
3.06 0.06
3.07 0.06
3.07 0.06
3.06 0.06
3.06 0.07
3.06 0.07
3.06 0.06
3.06 0.06
3.05 0.07
3.05 0.06
3.06 0.06
3.06 0.06
3.05 0.07
3.05 0.06
3.05 0.06
3.05 0.07
3.05 0.07
3.05 0.07
3.05 0.06
3.05 0.06
3.05 0.07
3.05 0.07
3.05 0.07
3.05 0.06
3.05 0.06
3.05 0.06
3.04 0.07
3.04 0.07
3.04 0.06
3.04 0.07
3.04 0.07
3.05 0.07
3.04 0.07
3.04 0.06
3.05 0.06
3.04 0.07
3.04 0.07
3.04 0.06
3.05 0.06
3.04 0.07
3.04 0.07
3.05 0.07
3.05 0.06
3.05 0.07
3.04 0.07
3.04 0.06
3.04 0.07
3.04 0.07
3.04 0.07
3.05 0.07
3.04 0.06
3.05 0.06
3.04 0.06
3.05 0.06
3.04 0.07
3.04 0.06
3.04 0.06
3.04 0.06
3.04 0.06
3.04 0.06
3.04 0.07
3.04 0.07
3.04 0.06
3.04 0.07
3.03 0.06
3.03 0.06
3.03 0.07
3.03 0.07
3.03 0.06
3.03 0.06
3.03 0.07
3.03 0.06
3.03 0.06
3.02 0.07
3.02 0.07
3.02 0.06
3.02 0.06
3.02 0.07
3.02 0.07
3.02 0.06
3.02 0.07
3.02 0.06
3.01 0.06
3.01 0.06
3.02 0.07
3.02 0.07
3.02 0.07
3.02 0.06
3.02 0.06
3.02 0.07
3.02 0.07
3.01 0.07
3.01 0.06
3.01 0.07
3.01 0.06
3.01 0.07
3.01 0.06
3.01 0.06
3.01 0.06
3.01 0.07
3.01 0.07
3.00 0.07
3.00 0.07
3.00 0.07
3.01 0.07
3.00 0.06
3.00 0.06
3.00 0.06
3.00 0.06
3.00 0.07
3.00 0.07
2.99 0.07
3.00 0.07
3.00 0.06
3.00 0.06
3.00 0.06
3.00 0.07
3.00 0.06
3.00 0.07
3.00 0.07
2.99 0.07
3.00 0.07
3.00 0.07
3.00 0.06
3.00 0.07
3.00 0.06
3.00 0.07
3.00 0.06
3.00 0.07
2.99 0.06
2.99 0.06
3.00 0.07
3.00 0.07
3.00 0.07
3.00 0.06
3.00 0.06
3.00 0.07
3.00 0.06
3.00 0.06
2.99 0.06
3.00 0.07
3.00 0.07
3.00 0.07
3.00 0.07
2.99 0.07
3.00 0.07
2.99 0.07
2.99 0.06
2.99 0.07
2.99 0.06
2.99 0.07
2.99 0.07
2.99 0.07
2.98 0.07
2.98 0.07
2.99 0.07
2.98 0.07
2.98 0.07
2.98 0.07
2.98 0.07
2.98 0.06
2.98 0.07
2.98 0.07
2.98 0.07
2.98 0.07
2.97 0.07
2.97 0.06
2.97 0.06
2.97 0.06
2.97 0.07
2.97 0.07
2.97 0.07
2.97 0.07
2.97 0.07
2.97 0.07
2.96 0.06
2.96 0.07
2.97 0.07
2.97 0.06
2.96 0.06
2.96 0.06
2.96 0.07
2.96 0.07
2.96 0.07
2.96 0.07
2.96 0.07
2.96 0.07
2.96 0.07
2.96 0.07
2.96 0.07
2.96 0.07
2.96 0.07
2.96 0.07
2.95 0.06
2.95 0.07
2.96 0.07
2.96 0.07
2.95 0.07
2.95 0.07
2.95 0.07
2.95 0.07
2.96 0.07
2.96 0.07
2.95 0.07
2.96 0.07
2.95 0.07
2.95 0.07
2.95 0.07
2.95 0.07
2.95 0.07
2.95 0.06
2.95 0.07
2.94 0.07
2.95 0.07
2.95 0.07
2.95 0.07
2.95 0.07
2.95 0.06
2.95 0.07
2.95 0.07
2.95 0.07
2.94 0.07
2.94 0.07
2.95 0.07
2.95 0.07
2.94 0.07
2.94 0.06
2.95 0.07
2.94 0.07
2.94 0.07
2.94 0.07
2.94 0.07
2.94 0.06
2.94 0.06
2.94 0.06
2.94 0.07
2.94 0.07
2.95 0.07
2.94 0.07
2.94 0.07
2.94 0.07
2.95 0.07
2.94 0.07
2.94 0.07
2.94 0.07
2.94 0.07
2.94 0.07
2.94 0.07
2.94 0.07
2.94 0.07
2.94 0.07
2.94 0.07
2.94 0.07
2.94 0.07
2.94 0.07
2.94 0.07
2.94 0.07
2.94 0.07
2.93 0.07
2.93 0.07
2.94 0.07
2.93 0.07
2.93 0.07
2.93 0.07
2.93 0.07
2.93 0.07
2.92 0.07
2.92 0.06
2.93 0.07
2.93 0.07
2.92 0.07
2.92 0.07
2.92 0.07
2.92 0.07
2.92 0.07
2.91 0.07
2.91 0.07
2.92 0.07
2.91 0.07
2.91 0.06
2.91 0.07
2.91 0.07
2.91 0.07
2.91 0.07
2.91 0.07
2.90 0.07
2.90 0.07
2.91 0.07
2.90 0.07
2.90 0.07
2.90 0.07
2.90 0.07
2.90 0.07
2.90 0.07
2.89 0.07
2.89 0.07
2.90 0.07
2.89 0.06
2.90 0.07
2.89 0.07
2.89 0.07
2.89 0.07
2.89 0.07
2.89 0.07
2.89 0.07
2.89 0.07
2.89 0.07
2.89 0.07
2.89 0.07
2.89 0.07
2.89 0.07
2.89 0.07
2.88 0.07
2.88 0.07
2.88 0.07
2.88 0.07
2.88 0.07
2.88 0.07
2.88 0.07
2.88 0.07
2.88 0.07
2.87 0.07
2.87 0.07
2.87 0.07
2.87 0.07
2.88 0.07
2.87 0.07
2.87 0.07
2.87 0.07
2.87 0.07
2.87 0.07
2.87 0.07
2.87 0.07
2.87 0.07
2.87 0.07
2.86 0.07
2.86 0.07
2.86 0.07
2.86 0.07
2.86 0.07
2.86 0.07
2.85 0.07
2.86 0.07
2.86 0.07
2.86 0.07
2.85 0.07
2.85 0.07
2.85 0.07
2.85 0.07
2.85 0.07
2.84 0.07
2.85 0.07
2.85 0.07
2.85 0.07
2.84 0.07
2.84 0.07
2.84 0.07
2.84 0.07
2.84 0.07
2.83 0.07
2.84 0.07
2.84 0.07
2.84 0.07
2.84 0.07
2.83 0.07
2.84 0.07
2.83 0.07
2.83 0.07
2.83 0.07
2.83 0.07
2.83 0.07
2.83 0.07
2.83 0.07
2.83 0.07
2.83 0.07
2.83 0.07
2.83 0.07
2.82 0.07
2.82 0.07
2.82 0.07
2.82 0.07
2.82 0.07
2.82 0.07
2.82 0.07
2.81 0.07
2.81 0.07
2.80 0.07
2.80 0.07
2.81 0.07
2.80 0.07
2.80 0.07
2.80 0.07
2.80 0.07
2.80 0.07
2.79 0.07
2.78 0.07
2.78 0.07
2.79 0.07
2.78 0.07
2.78 0.07
2.78 0.07
2.77 0.07
2.78 0.07
2.77 0.07
2.77 0.07
2.77 0.07
2.77 0.07
2.77 0.07
2.77 0.07
2.77 0.07
2.77 0.07
2.77 0.07
2.77 0.08
2.76 0.07
2.75 0.07
2.76 0.08
2.76 0.07
2.76 0.07
2.75 0.07
2.75 0.07
2.75 0.07
2.75 0.07
2.74 0.07
2.74 0.08
2.74 0.07
2.75 0.07
2.75 0.07
2.75 0.07
2.74 0.07
2.74 0.07
2.75 0.07
2.75 0.07
2.74 0.07
2.74 0.07
2.74 0.08
2.75 0.07
2.75 0.07
2.75 0.07
2.75 0.07
2.74 0.08
2.75 0.07
2.74 0.07
2.74 0.07
2.75 0.07
2.75 0.08
2.75 0.07
2.74 0.08
2.75 0.07
2.74 0.08
2.75 0.07
2.74 0.07
2.74 0.07
2.74 0.07
2.75 0.07
2.75 0.07
2.74 0.07
2.74 0.07
2.74 0.07
2.74 0.08
2.73 0.08
2.73 0.07
2.73 0.08
2.71 0.08
2.71 0.08
2.70 0.07
2.69 0.07
2.69 0.08
2.67 0.08
2.66 0.08
2.65 0.07
2.64 0.08
2.63 0.08
2.62 0.07
2.62 0.08
2.61 0.08
2.60 0.08
2.59 0.08
2.59 0.07
2.58 0.08
2.57 0.08
2.57 0.08
2.56 0.08
2.56 0.08
2.55 0.08
2.55 0.08
2.54 0.08
2.53 0.08
2.52 0.08
2.52 0.08
2.52 0.08
2.50 0.09
2.49 0.09
2.49 0.09
2.48 0.08
2.48 0.08
2.47 0.09
2.46 0.08
2.45 0.09
2.45 0.08
2.45 0.09
2.44 0.09
2.44 0.09
2.43 0.09
2.43 0.09
2.42 0.09
2.41 0.08
2.40 0.09
2.40 0.09
2.39 0.09
2.39 0.09
2.39 0.09
2.39 0.09
2.39 0.09
2.39 0.09
2.38 0.09
2.37 0.09
2.37 0.09
2.36 0.09
2.36 0.09
2.36 0.09
2.35 0.09
2.35 0.09
2.34 0.09
2.34 0.09
2.33 0.09
2.33 0.09
2.33 0.09
2.32 0.09
2.31 0.09
2.31 0.09
2.31 0.09
2.30 0.09
2.29 0.10
2.28 0.09
2.28 0.09
2.28 0.09
2.27 0.10
2.27 0.09
2.27 0.10
2.27 0.10
2.26 0.10
2.26 0.10
2.26 0.10
2.25 0.10
2.24 0.10
2.24 0.10
2.23 0.10
2.23 0.10
2.22 0.10
2.22 0.10
2.21 0.11
2.20 0.10
2.20 0.11
2.20 0.10
2.20 0.10
2.19 0.10
2.18 0.10
2.17 0.11
2.17 0.10
2.15 0.11
2.15 0.11
2.15 0.11
2.14 0.11
2.13 0.10
2.13 0.11
2.12 0.11
2.11 0.11
2.10 0.11
2.08 0.11
2.07 0.11
2.06 0.11
2.06 0.11
2.05 0.11
2.05 0.12
2.04 0.12
2.03 0.12
2.01 0.12
2.02 0.12
2.01 0.11
2.01 0.12
2.00 0.12
1.98 0.12
1.97 0.12
1.97 0.12
1.96 0.13
1.96 0.13
1.95 0.13
1.93 0.13
1.92 0.13
1.92 0.13
1.91 0.13
1.91 0.13
1.89 0.13
1.89 0.13
1.87 0.14
1.87 0.14
1.85 0.14
1.83 0.14
1.83 0.14
1.81 0.15
1.80 0.15
1.81 0.15
1.79 0.15
1.79 0.15
1.78 0.15
1.78 0.15
1.77 0.15
1.77 0.15
1.77 0.15
1.77 0.15
1.77 0.15
1.76 0.15
1.76 0.16
1.76 0.16
1.76 0.16
1.76 0.16
1.76 0.16
1.76 0.16
1.76 0.16
1.76 0.16
1.76 0.16
1.76 0.16
1.76 0.15
1.76 0.15
1.76 0.15
1.76 0.16
1.76 0.16
1.76 0.16
1.76 0.15
1.76 0.15
1.76 0.15
1.76 0.16
1.76 0.16
1.76 0.15
1.76 0.16
1.76 0.16
1.76 0.15
1.76 0.16
1.76 0.16
1.76 0.15
1.76 0.16
1.76 0.15
1.76 0.16
1.76 0.15
1.75 0.16
1.74 0.16
1.74 0.16
1.73 0.17
1.72 0.17
1.68 0.18
1.66 0.18
1.64 0.19
1.61 0.20
1.56 0.22
1.56 0.22
1.53 0.24
1.50 0.26
1.47 0.30
1.44 0.35
1.40 0.46
1.39 0.55
1.35 0.83
1.32 1.04
1.29 1.29
1.27 1.45
1.23 1.75
1.21 1.86
1.20 1.94
1.16 2.20
1.11 2.58
1.09 2.65
1.09 2.69
1.06 2.92
1.02 3.09
1.01 3.13
0.96 3.35
0.94 3.45
0.95 3.41
0.94 3.46
0.91 3.55
0.87 3.69
0.86 3.72
0.84 3.76
0.83 3.79
0.83 3.79
0.80 3.84
0.79 3.85
0.79 3.85
0.79 3.87
0.78 3.88
0.73 3.92
0.69 3.94
0.69 3.94
0.68 3.95
0.68 3.95
0.67 3.95
0.66 3.95
0.65 3.96
0.65 3.96
0.65 3.96
0.65 3.96
0.64 3.96
0.64 3.96
0.64 3.96
0.64 3.96
0.64 3.96
0.65 3.96
0.64 3.96
0.64 3.96
0.64 3.96
0.64 3.96
0.64 3.96
0.64 3.96
0.64 3.95
0.64 3.95
0.64 3.96
0.64 3.96
0.64 3.96
0.64 3.96
0.64 3.96
0.64 3.96
0.64 3.96
0.64 3.95
0.64 3.96
0.64 3.96
0.64 3.96
0.64 3.96
0.64 3.96
0.64 3.97
0.64 3.96
0.64 3.96
0.64 3.96
0.64 3.96
0.63 3.96
0.64 3.97
0.64 3.96
0.64 3.96
0.63 3.96
0.60 3.97
0.59 3.97
0.56 3.97
0.56 3.96
0.52 3.96
0.48 3.98
0.46 3.97
0.43 3.97
0.41 3.97
0.38 3.97
0.38 3.97
0.37 3.97
0.34 3.96
0.32 3.96
0.32 3.97
0.31 3.97
0.30 3.97
0.29 3.97
0.28 3.97
0.28 3.97
0.28 3.97
0.27 3.96
0.28 3.96
0.28 3.97
0.27 3.97
0.26 3.97
0.26 3.97
0.26 3.97
0.25 3.97
0.26 3.96
0.25 3.96
0.26 3.96
0.26 3.97
0.28 3.97
0.28 3.97
0.28 3.97
0.27 3.97
0.28 3.97
0.30 3.96
0.28 3.97
0.28 3.97
0.29 3.97
0.29 3.97
0.31 3.97
0.31 3.97
0.32 3.97
0.33 3.97
0.35 3.97
0.37 3.97
0.38 3.96
0.39 3.97
0.42 3.97
0.43 3.97
0.48 3.97
0.49 3.97
0.51 3.97
0.57 3.96
0.57 3.96
0.65 3.95
0.78 3.87
0.83 3.79
0.87 3.70
0.93 3.47
0.96 3.35
1.03 3.05
1.11 2.59
1.10 2.58
1.15 2.28
1.21 1.91
1.23 1.72
1.28 1.37
1.30 1.28
1.32 1.04
1.36 0.73
1.40 0.49
1.42 0.40
1.46 0.32
1.47 0.29
1.49 0.27
1.51 0.26
1.55 0.22
1.56 0.22
1.57 0.22
1.58 0.21
1.61 0.20
1.63 0.19
1.66 0.18
1.67 0.18
1.69 0.17
1.68 0.17
1.72 0.17
1.73 0.16
1.73 0.16
1.73 0.16
1.73 0.16
1.74 0.16
1.77 0.15
1.77 0.16
1.77 0.15
1.78 0.15
1.79 0.15
1.79 0.15
1.79 0.15
1.79 0.15
1.79 0.15
1.79 0.15
1.79 0.15
1.79 0.15
1.79 0.15
1.79 0.15
1.79 0.15
1.78 0.15
1.78 0.15
1.79 0.15
1.79 0.15
1.78 0.15
1.76 0.15
1.75 0.16
1.74 0.16
1.73 0.17
1.73 0.16
1.68 0.17
1.69 0.17
1.66 0.18
1.66 0.18
1.64 0.19
1.62 0.20
1.60 0.21
1.58 0.21
1.56 0.22
1.56 0.22
1.56 0.22
1.53 0.23
1.51 0.26
1.50 0.27
1.49 0.27
1.48 0.28
1.46 0.31
1.45 0.32
1.45 0.33
1.44 0.35
1.42 0.41
1.41 0.43
1.41 0.48
1.40 0.50
1.39 0.53
1.39 0.54
1.39 0.56
1.38 0.58
1.38 0.63
1.38 0.66
1.36 0.74
1.36 0.78
1.34 0.88
1.33 0.99
1.33 1.00
1.32 1.04
1.32 1.07
1.31 1.10
1.31 1.11
1.31 1.17
1.30 1.20
1.29 1.25
1.29 1.30
1.28 1.34
1.28 1.35
1.28 1.40
1.28 1.40
1.28 1.41
1.26 1.52
1.25 1.63
1.24 1.69
1.23 1.74
1.22 1.80
1.22 1.82
1.21 1.84
1.21 1.88
1.21 1.89
1.21 1.91
1.21 1.93
1.20 1.95
1.20 1.95
1.20 1.96
1.20 1.96
1.20 1.96
1.20 1.96
1.20 1.97
1.20 1.98
1.20 1.98
1.19 1.98
1.20 1.97
1.19 2.06
1.17 2.15
1.17 2.17
1.17 2.19
1.16 2.25
1.14 2.38
1.12 2.46
1.11 2.53
1.11 2.55
1.10 2.61
1.09 2.64
1.09 2.65
1.10 2.65
1.09 2.67
1.09 2.68
1.09 2.67
1.09 2.68
1.09 2.68
1.08 2.74
1.06 2.88
1.03 3.03
1.02 3.09
1.02 3.10
1.01 3.12
1.02 3.12
1.02 3.10
1.02 3.11
1.02 3.11
1.02 3.11
1.01 3.10
1.02 3.11
1.02 3.12
1.02 3.11
1.02 3.11
1.01 3.13
1.00 3.17
1.00 3.21
0.99 3.23
0.98 3.28
0.97 3.32
0.96 3.35
0.96 3.40
0.95 3.42
0.95 3.44
0.94 3.45
0.94 3.46
0.94 3.46
0.94 3.44
0.95 3.43
0.94 3.44
0.95 3.44
0.94 3.45
0.93 3.51
0.92 3.53
0.92 3.53
0.91 3.54
0.91 3.56
0.89 3.64
0.87 3.68
0.87 3.69
0.87 3.70
0.86 3.71
0.86 3.72
0.86 3.73
0.85 3.73
0.85 3.73
0.86 3.73
0.86 3.73
0.85 3.74
0.85 3.75
0.85 3.75
0.85 3.76
0.84 3.76
0.84 3.76
0.84 3.77
0.83 3.78
0.83 3.79
0.83 3.79
0.82 3.80
0.82 3.80
0.81 3.82
0.81 3.82
0.80 3.84
0.79 3.85
0.79 3.85
0.77 3.88
0.77 3.88
0.77 3.88
0.77 3.89
0.76 3.89
0.74 3.91
0.70 3.93
0.69 3.94
0.68 3.95
0.67 3.95
0.65 3.96
0.62 3.96
0.61 3.97
0.60 3.97
0.59 3.97
0.57 3.96
0.56 3.96
0.56 3.97
0.55 3.97
0.55 3.97
0.55 3.97
0.53 3.97
0.54 3.97
0.55 3.97
0.55 3.96
0.54 3.96
0.54 3.97
0.54 3.97
0.54 3.97
0.53 3.97
0.51 3.97
0.50 3.97
0.51 3.97
0.50 3.96
0.49 3.96
0.49 3.97
0.48 3.97
0.48 3.97
0.48 3.97
0.47 3.98
0.47 3.97
0.46 3.97
0.46 3.97
0.46 3.96
0.45 3.97
0.46 3.97
0.46 3.97
0.46 3.97
0.46 3.97
0.45 3.97
0.44 3.97
0.43 3.97
0.42 3.96
0.43 3.97
0.41 3.97
0.41 3.97
0.40 3.97
0.40 3.97
0.40 3.97
0.40 3.97
0.39 3.97
0.38 3.96
0.39 3.96
0.38 3.97
0.38 3.97
0.37 3.97
0.38 3.97
0.37 3.97
0.37 3.97
0.37 3.97
0.37 3.96
0.36 3.96
0.37 3.97
0.36 3.97
0.35 3.97
0.37 3.97
0.37 3.97
0.36 3.97
0.36 3.97
0.34 3.96
0.34 3.96
0.34 3.97
0.34 3.97
0.33 3.97
0.33 3.97
0.32 3.97
0.31 3.97
0.32 3.97
0.32 3.97
0.31 3.96
0.31 3.97
0.31 3.97
0.32 3.97
0.32 3.97
0.32 3.97
0.32 3.97
0.32 3.97
0.31 3.96
0.32 3.96
0.31 3.97
0.30 3.97
0.30 3.97
0.29 3.97
0.29 3.97
0.29 3.97
0.29 3.96
0.29 3.96
0.28 3.96
0.29 3.97
0.28 3.97
0.27 3.97
0.26 3.97
0.27 3.97
0.27 3.97
0.28 3.97
0.27 3.97
0.27 3.97
0.27 3.97
0.27 3.97
0.27 3.97
0.27 3.97
0.27 3.97
0.26 3.97
0.26 3.97
0.26 3.96
0.26 3.96
0.25 3.97
0.24 3.97
0.24 3.97
0.24 3.97
0.23 3.97
0.22 3.97
0.22 3.97
0.22 3.97
0.22 3.96
0.21 3.97
0.22 3.97
0.22 3.97
0.22 3.97
0.21 3.97
0.21 3.97
0.21 3.97
0.20 3.97
0.20 3.96
0.20 3.97
0.20 3.97
0.19 3.97
0.19 3.97
0.19 3.97
0.19 3.97
0.18 3.97
0.17 3.96
0.18 3.96
0.18 3.97
0.17 3.97
0.17 3.97
0.17 3.97
0.17 3.97
0.17 3.97
0.16 3.97
0.17 3.96
0.17 3.97
0.17 3.97
0.17 3.97
0.17 3.97
0.17 3.97
0.19 3.97
0.19 3.97
0.19 3.97
0.19 3.97
0.19 3.96
0.20 3.97
0.20 3.97
0.21 3.97
0.22 3.97
0.22 3.97
0.22 3.97
0.22 3.97
0.25 3.97
0.28 3.96
0.27 3.97
0.29 3.97
0.28 3.97
0.28 3.97
0.29 3.97
0.28 3.97
0.30 3.97
0.30 3.97
0.31 3.96
0.32 3.97
0.32 3.97
0.33 3.97
0.34 3.97
0.34 3.97
0.35 3.97
0.36 3.97
0.37 3.96
0.37 3.96
0.37 3.97
0.39 3.97
0.39 3.97
0.40 3.97
0.41 3.97
0.41 3.97
0.43 3.97
0.43 3.96
0.46 3.96
0.46 3.97
0.47 3.97
0.46 3.97
0.47 3.97
0.49 3.97
0.49 3.97
0.51 3.97
0.54 3.96
0.55 3.97
0.56 3.97
0.56 3.97
0.57 3.97
0.62 3.97
0.66 3.95
0.71 3.93
0.78 3.87
0.79 3.84
0.80 3.82
0.85 3.75
0.86 3.71
0.87 3.70
0.90 3.57
0.93 3.47
0.96 3.39
0.95 3.41
0.95 3.39
0.97 3.31
1.00 3.19
1.02 3.13
1.03 3.05
1.03 3.04
1.06 2.87
1.10 2.61
1.10 2.61
1.11 2.57
1.11 2.58
1.11 2.56
1.12 2.50
1.13 2.42
1.15 2.33
1.15 2.27
1.17 2.18
1.18 2.10
1.21 1.90
1.20 1.92
1.20 1.93
1.22 1.86
1.22 1.84
1.23 1.74
1.25 1.63
1.26 1.55
1.27 1.50
1.27 1.41
1.29 1.33
1.28 1.37
1.29 1.35
1.30 1.26
1.31 1.14
1.32 1.06
1.32 1.06
1.32 1.03
1.33 0.98
1.34 0.90
1.36 0.77
1.36 0.74
1.36 0.73
1.36 0.73
1.37 0.71
1.37 0.67
1.38 0.63
1.38 0.63
1.37 0.64
1.38 0.65
1.38 0.63
1.38 0.62
1.38 0.60
1.39 0.57
1.39 0.54
1.40 0.51
1.42 0.41
1.43 0.38
1.44 0.36
1.44 0.35
1.44 0.35
1.44 0.35
1.45 0.33
1.46 0.31
1.46 0.31
1.46 0.30
1.46 0.30
1.47 0.31
1.47 0.29
1.49 0.28
1.49 0.28
1.49 0.27
1.49 0.27
1.49 0.27
1.49 0.27
1.50 0.26
1.51 0.26
1.51 0.25
1.53 0.24
1.53 0.24
1.53 0.24
1.54 0.23
1.54 0.23
1.55 0.22
1.55 0.22
1.55 0.22
1.55 0.22
1.55 0.23
1.55 0.23
1.55 0.22
1.55 0.23
1.55 0.23
1.55 0.22
1.54 0.23
1.54 0.23
1.55 0.22
1.55 0.23
1.55 0.22
1.55 0.23
1.55 0.22
1.55 0.23
1.54 0.23
1.53 0.23
1.52 0.24
1.52 0.25
1.50 0.27
1.49 0.28
1.49 0.27
1.47 0.29
1.46 0.32
1.44 0.34
1.42 0.40
1.40 0.49
1.39 0.54
1.37 0.65
1.35 0.80
1.33 1.00
1.32 1.09
1.30 1.19
1.28 1.39
1.27 1.46
1.25 1.60
1.24 1.69
1.22 1.80
1.21 1.87
1.21 1.92
1.20 1.94
1.20 1.96
1.19 2.00
1.17 2.17
1.15 2.30
1.13 2.44
1.12 2.51
1.11 2.58
1.10 2.63
1.10 2.65
1.09 2.66
1.09 2.65
1.08 2.76
1.05 2.91
1.03 3.08
1.02 3.11
1.02 3.10
1.02 3.10
1.01 3.14
1.01 3.18
1.00 3.21
0.98 3.25
0.98 3.30
0.98 3.32
0.97 3.33
0.97 3.34
0.96 3.37
0.96 3.38
0.95 3.41
0.94 3.44
0.93 3.46
0.94 3.47
0.94 3.44
0.94 3.44
0.93 3.48
0.92 3.55
0.90 3.59
0.87 3.70
0.86 3.73
0.85 3.75
0.83 3.78
0.83 3.80
0.82 3.82
0.80 3.85
0.79 3.86
0.79 3.86
0.77 3.89
0.77 3.88
0.75 3.90
0.71 3.93
0.69 3.95
0.69 3.94
0.69 3.95
0.67 3.95
0.65 3.96
0.61 3.96
0.60 3.96
0.60 3.96
0.57 3.97
0.56 3.97
0.56 3.97
0.55 3.97
0.54 3.97
0.55 3.97
0.54 3.97
0.54 3.97
0.54 3.96
0.54 3.97
0.54 3.97
0.54 3.97
0.54 3.97
0.54 3.97
0.54 3.97
0.54 3.97
0.54 3.97
0.54 3.96
0.54 3.96
0.54 3.97
0.55 3.97
0.55 3.97
0.56 3.97
0.56 3.97
0.56 3.97
0.57 3.96
0.56 3.96
0.63 3.96
0.68 3.95
0.71 3.93
0.77 3.88
0.77 3.88
0.79 3.85
0.83 3.79
0.87 3.70
0.87 3.68
0.92 3.52
0.94 3.44
0.96 3.38
0.96 3.39
0.95 3.41
0.97 3.31
1.00 3.20
1.03 3.07
1.03 3.04
1.07 2.80
1.11 2.59
1.11 2.58
1.11 2.58
1.12 2.54
1.13 2.41
1.17 2.21
1.19 2.05
1.20 1.94
1.20 1.94
1.21 1.94
1.20 1.94
1.20 1.94
1.21 1.93
1.20 1.94
1.20 1.94
1.21 1.94
1.21 1.92
1.21 1.89
1.21 1.86
1.21 1.88
1.21 1.87
1.21 1.88
1.21 1.89
1.22 1.82
1.22 1.81
1.22 1.79
1.22 1.79
1.23 1.76
1.23 1.75
1.23 1.76
1.22 1.77
1.23 1.77
1.23 1.78
1.22 1.79
1.22 1.80
1.22 1.82
1.22 1.83
1.22 1.84
1.22 1.83
1.22 1.80
1.22 1.79
1.21 1.86
1.21 1.88
1.21 1.90
1.21 1.92
1.20 1.95
1.20 1.96
1.20 1.98
1.17 2.17
1.15 2.29
1.13 2.46
1.11 2.54
1.11 2.60
1.10 2.63
1.10 2.65
1.07 2.83
1.04 2.97
1.02 3.09
1.02 3.10
1.02 3.10
1.01 3.17
0.99 3.21
0.99 3.25
0.97 3.31
0.96 3.37
0.95 3.42
0.95 3.44
0.94 3.46
0.94 3.46
0.93 3.46
0.94 3.45
0.94 3.46
0.95 3.44
0.94 3.43
0.95 3.43
0.94 3.44
0.94 3.45
0.94 3.45
0.94 3.45
0.92 3.51
0.91 3.54
0.91 3.56
0.91 3.57
0.91 3.57
0.91 3.57
0.90 3.57
0.90 3.57
0.91 3.58
0.90 3.58
0.90 3.58
0.90 3.59
0.90 3.59
0.90 3.59
0.90 3.59
0.90 3.59
0.90 3.59
0.90 3.58
0.90 3.58
0.90 3.58
0.90 3.59
0.90 3.59
0.90 3.59
0.90 3.59
0.90 3.59
0.90 3.59
0.90 3.59
0.90 3.58
0.90 3.59
0.90 3.59
0.90 3.59
0.90 3.59
0.90 3.59
0.90 3.59
0.90 3.59
0.90 3.60
0.90 3.59
0.90 3.58
0.90 3.59
0.90 3.59
0.90 3.59
0.90 3.59
0.90 3.59
0.90 3.59
0.90 3.59
0.90 3.58
0.90 3.57
0.90 3.58
0.90 3.58
0.91 3.57
0.90 3.57
0.91 3.57
0.91 3.58
0.91 3.58
0.91 3.57
0.90 3.57
0.91 3.56
0.91 3.57
0.91 3.57
0.91 3.55
0.92 3.54
0.92 3.54
0.92 3.53
0.92 3.52
0.92 3.51
0.95 3.42
0.96 3.38
0.96 3.39
0.96 3.40
0.95 3.43
0.95 3.42
0.96 3.39
0.96 3.36
0.97 3.32
0.98 3.30
0.98 3.29
0.99 3.24
1.00 3.22
1.00 3.21
1.01 3.17
1.01 3.15
1.01 3.13
1.01 3.13
1.01 3.14
1.01 3.14
1.01 3.13
1.02 3.12
1.02 3.10
1.02 3.10
1.02 3.09
1.02 3.07
1.02 3.08
1.02 3.08
1.02 3.09
1.02 3.09
1.02 3.09
1.02 3.09
1.02 3.10
1.02 3.10
1.02 3.09
1.02 3.09
1.02 3.09
1.02 3.09
1.02 3.09
1.02 3.09
1.02 3.09
1.02 3.09
1.03 3.09
1.02 3.09
1.02 3.08
1.02 3.04
1.05 2.97
1.05 2.93
1.05 2.93
1.06 2.91
1.07 2.84
1.08 2.75
1.09 2.66
1.09 2.66
1.09 2.66
1.10 2.65
1.09 2.66
1.09 2.67
1.09 2.67
1.09 2.67
1.09 2.67
1.09 2.68
1.09 2.68
1.09 2.67
1.09 2.69
1.09 2.69
1.09 2.70
1.09 2.69
1.09 2.69
1.09 2.69
1.09 2.69
1.09 2.69
1.09 2.69
1.09 2.70
1.09 2.70
1.09 2.70
1.09 2.70
1.09 2.70
1.09 2.71
1.09 2.70
1.09 2.70
1.09 2.70
1.09 2.71
1.09 2.71
1.09 2.71
1.09 2.72
1.09 2.72
1.09 2.72
1.09 2.72
1.09 2.72
1.09 2.72
1.09 2.72
1.09 2.72
1.09 2.73
1.09 2.72
1.08 2.73
1.09 2.73
1.09 2.72
1.09 2.72
1.09 2.71
1.09 2.72
1.09 2.72
1.09 2.72
1.09 2.72
1.09 2.72
1.09 2.72
1.09 2.72
1.09 2.72
1.09 2.72
1.09 2.73
1.08 2.74
1.09 2.74
1.08 2.75
1.08 2.75
1.08 2.76
1.08 2.76
1.08 2.76
1.08 2.76
1.08 2.77
1.09 2.76
1.08 2.77
1.08 2.77
1.08 2.77
1.08 2.77
1.08 2.77
1.08 2.77
1.08 2.77
1.08 2.78
1.08 2.78
1.08 2.77
1.08 2.77
1.08 2.77
1.08 2.77
1.08 2.76
1.08 2.76
1.08 2.76
1.08 2.77
1.08 2.77
1.08 2.77
1.09 2.77
1.08 2.77
1.08 2.77
1.08 2.77
1.08 2.77
1.08 2.77
1.08 2.78
1.08 2.77
1.08 2.77
1.08 2.77
1.08 2.77
1.08 2.77
1.08 2.77
1.08 2.77
1.08 2.77
1.08 2.78
1.08 2.77
1.08 2.78
1.09 2.77
1.08 2.77
1.08 2.78
1.08 2.78
1.08 2.77
1.08 2.77
1.08 2.78
1.08 2.78
1.08 2.78
1.08 2.78
1.08 2.78
1.08 2.78
1.08 2.79
1.08 2.78
1.08 2.77
1.08 2.78
1.08 2.77
1.08 2.77
1.08 2.78
1.08 2.78
1.08 2.78
1.08 2.79
1.07 2.78
1.08 2.79
1.08 2.79
1.07 2.79
1.08 2.79
1.08 2.79
1.08 2.79
1.08 2.80
1.08 2.79
1.07 2.80
1.07 2.81
1.07 2.82
1.07 2.83
1.07 2.83
1.07 2.83
1.07 2.84
1.07 2.84
1.07 2.84
1.07 2.83
1.07 2.83
1.07 2.84
1.07 2.84
1.07 2.84
1.07 2.84
1.07 2.84
1.07 2.85
1.07 2.84
1.07 2.84
1.07 2.84
1.07 2.84
1.07 2.84
1.07 2.84
1.07 2.84
1.07 2.85
1.07 2.85
1.07 2.84
1.07 2.85
1.07 2.85
1.06 2.85
1.07 2.86
1.06 2.85
1.06 2.85
1.07 2.85
1.06 2.86
1.07 2.85
1.06 2.85
1.06 2.85
1.07 2.85
1.06 2.86
1.07 2.86
1.07 2.85
1.07 2.86
1.07 2.86
1.07 2.85
1.06 2.85
1.07 2.85
1.06 2.85
1.06 2.85
1.06 2.86
1.06 2.86
1.07 2.86
1.07 2.86
1.07 2.86
1.07 2.84
1.06 2.86
1.06 2.89
1.05 2.96
1.04 2.99
1.04 3.04
1.02 3.07
1.02 3.12
1.01 3.11
1.02 3.11
1.02 3.10
1.02 3.11
1.02 3.12
1.00 3.16
1.00 3.18
1.00 3.20
0.99 3.24
0.99 3.26
0.99 3.26
0.98 3.27
0.98 3.29
0.98 3.30
0.97 3.31
0.97 3.31
0.98 3.31
0.97 3.32
0.97 3.32
0.97 3.32
0.97 3.32
0.97 3.32
0.97 3.32
0.97 3.33
0.97 3.33
0.97 3.33
0.97 3.33
0.97 3.33
0.97 3.33
0.97 3.33
0.97 3.32
0.97 3.33
0.97 3.33
0.97 3.33
0.97 3.33
0.97 3.33
0.97 3.33
0.97 3.33
0.97 3.33
0.97 3.32
0.97 3.33
0.97 3.33
0.97 3.33
0.97 3.33
0.97 3.33
0.97 3.33
0.97 3.33
0.97 3.32
0.97 3.32
0.97 3.32
0.97 3.32
0.97 3.31
0.98 3.29
0.98 3.29
0.98 3.28
0.98 3.28
0.98 3.27
0.98 3.27
0.99 3.26
1.00 3.21
1.01 3.16
1.01 3.17
1.01 3.17
1.01 3.17
1.01 3.16
1.01 3.13
1.02 3.06
1.03 3.07
1.02 3.08
1.02 3.09
1.03 3.06
1.04 2.99
1.07 2.89
1.08 2.79
1.09 2.65
1.10 2.61
1.10 2.61
1.11 2.59
1.11 2.59
1.11 2.56
1.12 2.50
1.13 2.43
1.14 2.37
1.16 2.24
1.17 2.18
1.17 2.17
1.17 2.17
1.17 2.15
1.17 2.12
1.18 2.08
1.19 2.05
1.19 2.00
1.19 1.99
1.20 1.96
1.20 1.93
1.20 1.94
1.20 1.93
1.21 1.92
1.21 1.90
1.22 1.86
1.21 1.88
1.22 1.84
1.22 1.81
1.22 1.80
1.22 1.79
1.23 1.73
1.23 1.73
1.23 1.72
1.24 1.69
1.24 1.65
1.25 1.58
1.25 1.56
1.25 1.58
1.25 1.58
1.25 1.57
1.26 1.53
1.27 1.50
1.26 1.49
1.27 1.46
1.27 1.42
1.29 1.34
1.29 1.34
1.28 1.37
1.28 1.37
1.29 1.35
1.29 1.31
1.29 1.30
1.30 1.24
1.30 1.18
1.31 1.17
1.31 1.14
1.31 1.09
1.32 1.07
1.32 1.04
1.32 1.05
1.32 1.04
1.32 1.02
1.32 1.01
1.33 0.94
1.35 0.83
1.35 0.79
1.36 0.77
1.36 0.75
1.36 0.73
1.36 0.73
1.36 0.74
1.36 0.75
1.36 0.75
1.36 0.76
1.36 0.76
1.36 0.76
1.36 0.75
1.36 0.77
1.36 0.76
1.36 0.76
1.36 0.76
1.36 0.77
1.36 0.77
1.36 0.77
1.36 0.76
1.36 0.76
1.36 0.76
1.36 0.76
1.36 0.76
1.36 0.77
1.36 0.77
1.36 0.77
1.36 0.77
1.36 0.77
1.36 0.77
1.35 0.78
1.36 0.77
1.36 0.78
1.35 0.77
1.36 0.78
1.36 0.77
1.36 0.77
1.36 0.77
1.36 0.77
1.36 0.77
1.37 0.69
1.38 0.62
1.38 0.58
1.39 0.59
1.38 0.60
1.38 0.60
1.38 0.60
1.38 0.61
1.38 0.61
1.38 0.61
1.38 0.61
1.38 0.61
1.38 0.61
1.38 0.61
1.38 0.61
1.38 0.61
1.38 0.61
1.38 0.61
1.38 0.61
1.38 0.61
1.38 0.61
1.38 0.61
1.38 0.61
1.38 0.61
1.38 0.61
1.38 0.60
1.38 0.59
1.38 0.59
1.38 0.60
1.38 0.60
1.38 0.59
1.38 0.60
1.39 0.59
1.39 0.58
1.39 0.58
1.39 0.58
1.39 0.59
1.38 0.59
1.38 0.58
1.39 0.57
1.39 0.57
1.39 0.57
1.39 0.56
1.39 0.54
1.39 0.55
1.39 0.56
1.39 0.56
1.39 0.56
1.38 0.57
1.39 0.58
1.38 0.59
1.38 0.59
1.39 0.60
1.38 0.60
1.38 0.60
1.38 0.61
1.38 0.61
1.38 0.61
1.38 0.61
1.38 0.61
1.38 0.62
1.38 0.62
1.38 0.62
1.38 0.62
1.38 0.62
1.38 0.62
1.38 0.62
1.38 0.62
1.38 0.62
1.38 0.62
1.38 0.62
1.38 0.62
1.38 0.62
1.38 0.62
1.38 0.62
1.38 0.62
1.38 0.63
1.38 0.63
1.38 0.63
1.38 0.63
1.38 0.63
1.38 0.63
1.38 0.63
1.38 0.63
1.38 0.63
1.38 0.63
1.38 0.63
1.38 0.63
1.38 0.63
1.38 0.63
1.38 0.63
1.38 0.63
1.38 0.63
1.37 0.63
1.38 0.63
1.38 0.63
1.38 0.63
1.38 0.63
1.38 0.63
1.38 0.63
1.38 0.63
1.37 0.63
1.37 0.63
1.38 0.63
1.38 0.63
1.38 0.63
1.38 0.63
1.38 0.63
1.38 0.63
1.38 0.63
1.37 0.63
1.37 0.63
1.38 0.64
1.38 0.64
1.38 0.64
1.38 0.63
1.38 0.64
1.38 0.64
1.38 0.64
1.38 0.63
1.38 0.63
1.38 0.63
1.38 0.64
1.38 0.64
1.38 0.64
1.38 0.64
1.38 0.64
1.38 0.64
1.37 0.64
1.37 0.63
1.38 0.64
1.38 0.64
1.38 0.64
1.38 0.64
1.38 0.64
1.38 0.64
1.38 0.64
1.37 0.64
1.37 0.64
1.38 0.64
1.38 0.64
1.38 0.64
1.37 0.64
1.38 0.64
1.38 0.64
1.38 0.64
1.37 0.64
1.38 0.64
1.38 0.64
1.38 0.64
1.38 0.64
1.38 0.65
1.37 0.64
1.38 0.65
1.38 0.64
1.37 0.64
1.37 0.64
1.38 0.64
1.38 0.64
1.38 0.65
1.38 0.65
1.38 0.64
1.38 0.64
1.38 0.64
1.38 0.64
1.37 0.64
1.38 0.64
1.38 0.64
1.38 0.64
1.38 0.65
1.38 0.65
1.38 0.64
1.37 0.65
1.38 0.65
1.37 0.64
1.37 0.64
1.38 0.64
1.38 0.64
1.38 0.65
1.38 0.64
1.38 0.64
1.38 0.64
1.37 0.64
1.37 0.64
1.38 0.64
1.37 0.65
1.38 0.65
1.38 0.65
1.38 0.65
1.38 0.65
1.38 0.65
1.37 0.64
1.37 0.65
1.38 0.64
1.38 0.65
1.38 0.64
1.38 0.64
1.38 0.65
1.38 0.65
1.38 0.65
1.38 0.65
1.38 0.64
1.38 0.64
1.37 0.65
1.38 0.65
1.38 0.65
1.37 0.65
